Test 0, and max iterator is 3, the accuracy score is: 0.9133
The pred label are: 
0,0,0,0,0,0,0,0,0,0,0,0,0,0,0,0,0,0,0,0,0,0,0,0,0,0,0,0,0,0,0,0,0,0,0,0,0,0,0,0,0,0,0,0,0,0,0,0,0,0,2,1,2,1,1,1,1,1,1,1,1,1,1,1,1,1,1,1,1,1,1,1,1,1,1,1,2,2,1,1,1,1,1,1,1,1,2,1,1,1,1,1,1,1,1,1,1,1,1,1,2,1,2,2,2,2,1,2,2,2,2,2,2,1,2,2,2,2,2,1,2,1,2,2,2,2,1,2,2,2,2,2,2,2,2,2,2,2,1,2,2,2,1,2,2,2,2,2,2,2
The initial center are: 
4.600,6.500,5.800	3.200,3.000,2.600	1.400,5.500,4.000
The cluster center are: 
5.006,6.685,5.804	3.428,3.017,2.715	1.462,5.525,4.235
Test 1, and max iterator is 3, the accuracy score is: 0.9200
The pred label are: 
0,0,0,0,0,0,0,0,0,0,0,0,0,0,0,0,0,0,0,0,0,0,0,0,0,0,0,0,0,0,0,0,0,0,0,0,0,0,0,0,0,0,0,0,0,0,0,0,0,0,2,1,2,1,1,1,2,1,1,1,1,1,1,1,1,1,1,1,1,1,1,1,2,1,1,1,2,2,1,1,1,1,1,2,1,1,2,1,1,1,1,1,1,1,1,1,1,1,1,1,2,2,2,2,2,2,1,2,2,2,2,2,2,1,2,2,2,2,2,1,2,1,2,2,2,2,2,2,2,2,2,2,2,2,2,2,2,2,2,2,2,2,2,2,2,2,2,2,2,2
The initial center are: 
4.900,5.900,5.800	3.600,3.000,2.700	1.400,5.100,3.900
The cluster center are: 
5.006,6.632,5.729	3.428,2.998,2.690	1.462,5.431,4.151
Test 2, and max iterator is 3, the accuracy score is: 0.6667
The pred label are: 
0,0,0,0,0,0,0,0,0,0,0,0,0,0,0,0,0,0,0,0,0,0,0,0,0,0,0,0,0,0,0,0,0,0,0,0,0,0,0,0,0,0,0,0,0,0,0,0,0,0,2,2,2,2,2,2,2,0,2,2,2,2,2,2,2,2,2,2,2,2,2,2,2,2,2,2,2,2,2,2,2,2,2,2,2,2,2,2,2,2,2,2,2,0,2,2,2,2,0,2,2,2,2,2,2,2,2,2,2,2,2,2,2,2,2,2,2,2,2,2,2,2,2,2,2,2,2,2,2,2,2,2,2,2,2,2,2,2,2,2,2,2,2,2,2,2,2,2,2,2
The initial center are: 
5.700,5.700,5.000	4.400,2.500,3.200	1.500,5.000,1.200
The cluster center are: 
5.371,6.301,4.833	3.800,2.887,3.167	1.518,4.959,1.581
Test 3, and max iterator is 3, the accuracy score is: 0.8933
The pred label are: 
0,0,0,0,0,0,0,0,0,0,0,0,0,0,0,0,0,0,0,0,0,0,0,0,0,0,0,0,0,0,0,0,0,0,0,0,0,0,0,0,0,0,0,0,0,0,0,0,0,0,2,1,2,1,1,1,1,1,1,1,1,1,1,1,1,1,1,1,1,1,1,1,1,1,1,1,2,2,1,1,1,1,1,1,1,1,2,1,1,1,1,1,1,1,1,1,1,1,1,1,2,1,2,2,2,2,1,2,2,2,2,2,2,1,2,2,2,2,2,1,2,1,2,1,2,2,1,1,2,2,2,2,2,2,2,2,2,2,1,2,2,2,1,2,2,2,2,2,2,1
The initial center are: 
4.900,4.900,6.700	2.500,3.100,2.500	4.500,1.500,5.800
The cluster center are: 
5.825,5.006,6.755	2.726,3.428,3.036	4.304,1.462,5.585
Test 4, and max iterator is 3, the accuracy score is: 0.8933
The pred label are: 
0,0,0,0,0,0,0,0,0,0,0,0,0,0,0,0,0,0,0,0,0,0,0,0,0,0,0,0,0,0,0,0,0,0,0,0,0,0,0,0,0,0,0,0,0,0,0,0,0,0,1,1,2,1,1,1,1,1,1,1,1,1,1,1,1,1,1,1,1,1,1,1,1,1,1,1,1,2,1,1,1,1,1,1,1,1,1,1,1,1,1,1,1,1,1,1,1,1,1,1,2,1,2,2,2,2,1,2,2,2,2,2,2,1,1,2,2,2,2,1,2,1,2,1,2,2,1,1,2,2,2,2,2,1,2,2,2,2,1,2,2,2,1,2,2,2,1,2,2,1
The initial center are: 
7.700,5.500,5.100	2.800,2.400,3.800	6.700,3.700,1.600
The cluster center are: 
6.850,5.902,5.006	3.074,2.748,3.428	5.742,4.394,1.462
Test 5, and max iterator is 3, the accuracy score is: 0.9200
The pred label are: 
0,0,0,0,0,0,0,0,0,0,0,0,0,0,0,0,0,0,0,0,0,0,0,0,0,0,0,0,0,0,0,0,0,0,0,0,0,0,0,0,0,0,0,0,0,0,0,0,0,0,2,1,2,1,1,1,1,1,1,1,1,1,1,1,1,1,1,1,1,1,1,1,1,1,1,1,2,2,1,1,1,1,1,2,1,1,2,1,1,1,1,1,1,1,1,1,1,1,1,1,2,2,2,2,2,2,1,2,2,2,2,2,2,1,2,2,2,2,2,1,2,1,2,2,2,2,1,2,2,2,2,2,2,2,2,2,2,2,1,2,2,2,2,2,2,2,2,2,2,2
The initial center are: 
5.700,5.000,6.500	2.800,3.600,3.000	4.100,1.400,5.200
The cluster center are: 
5.794,5.006,6.677	2.719,3.428,3.008	4.221,1.462,5.513
Test 6, and max iterator is 3, the accuracy score is: 0.8933
The pred label are: 
0,0,0,0,0,0,0,0,0,0,0,0,0,0,0,0,0,0,0,0,0,0,0,0,0,0,0,0,0,0,0,0,0,0,0,0,0,0,0,0,0,0,0,0,0,0,0,0,0,0,1,1,2,1,1,1,1,1,1,1,1,1,1,1,1,1,1,1,1,1,1,1,1,1,1,1,1,2,1,1,1,1,1,1,1,1,1,1,1,1,1,1,1,1,1,1,1,1,1,1,2,1,2,2,2,2,1,2,2,2,2,2,2,1,1,2,2,2,2,1,2,1,2,1,2,2,1,1,2,2,2,2,2,1,2,2,2,2,1,2,2,2,1,2,2,2,1,2,2,1
The initial center are: 
6.000,4.800,6.700	3.000,3.000,3.300	4.800,1.400,5.700
The cluster center are: 
5.902,5.006,6.850	2.748,3.428,3.074	4.394,1.462,5.742
Test 7, and max iterator is 3, the accuracy score is: 0.8867
The pred label are: 
0,0,0,0,0,0,0,0,0,0,0,0,0,0,0,0,0,0,0,0,0,0,0,0,0,0,0,0,0,0,0,0,0,0,0,0,0,0,0,0,0,0,0,0,0,0,0,0,0,0,2,1,2,1,1,1,1,1,1,1,1,1,1,1,1,1,1,1,1,1,1,1,1,1,1,1,1,2,1,1,1,1,1,1,1,1,1,1,1,1,1,1,1,1,1,1,1,1,1,1,2,1,2,2,2,2,1,2,2,2,2,2,2,1,1,2,2,2,2,1,2,1,2,1,2,2,1,1,2,2,2,2,2,1,2,2,2,2,1,2,2,2,1,2,2,2,1,2,2,1
The initial center are: 
5.000,6.200,5.600	3.000,3.400,3.000	1.600,5.400,4.500
The cluster center are: 
5.006,6.854,5.884	3.428,3.077,2.741	1.462,5.715,4.389
Test 8, and max iterator is 3, the accuracy score is: 0.8933
The pred label are: 
0,0,0,0,0,0,0,0,0,0,0,0,0,0,0,0,0,0,0,0,0,0,0,0,0,0,0,0,0,0,0,0,0,0,0,0,0,0,0,0,0,0,0,0,0,0,0,0,0,0,1,1,2,1,1,1,1,1,1,1,1,1,1,1,1,1,1,1,1,1,1,1,1,1,1,1,1,2,1,1,1,1,1,1,1,1,1,1,1,1,1,1,1,1,1,1,1,1,1,1,2,1,2,2,2,2,1,2,2,2,2,2,2,1,1,2,2,2,2,1,2,1,2,1,2,2,1,1,2,2,2,2,2,1,2,2,2,2,1,2,2,2,1,2,2,2,1,2,2,1
The initial center are: 
5.400,4.900,7.200	3.000,3.600,3.600	4.500,1.400,6.100
The cluster center are: 
5.902,5.006,6.850	2.748,3.428,3.074	4.394,1.462,5.742
Test 9, and max iterator is 3, the accuracy score is: 0.9000
The pred label are: 
0,0,0,0,0,0,0,0,0,0,0,0,0,0,0,0,0,0,0,0,0,0,0,0,0,0,0,0,0,0,0,0,0,0,0,0,0,0,0,0,0,0,0,0,0,0,0,0,0,0,1,1,1,1,1,1,1,1,1,1,1,1,1,1,1,1,1,1,1,1,1,1,1,1,1,1,1,1,1,1,1,1,1,1,1,1,1,1,1,1,1,1,1,1,1,1,1,1,1,1,2,1,2,2,2,2,1,2,2,2,2,2,2,1,1,2,2,2,2,1,2,1,2,1,2,2,1,1,2,2,2,2,2,1,1,2,2,2,1,2,2,2,1,2,2,2,1,2,2,1
The initial center are: 
6.200,5.100,7.900	2.800,3.500,3.800	4.800,1.400,6.400
The cluster center are: 
5.956,5.006,6.912	2.765,3.428,3.100	4.463,1.462,5.847
Test 10, and max iterator is 6, the accuracy score is: 0.8933
The pred label are: 
0,0,0,0,0,0,0,0,0,0,0,0,0,0,0,0,0,0,0,0,0,0,0,0,0,0,0,0,0,0,0,0,0,0,0,0,0,0,0,0,0,0,0,0,0,0,0,0,0,0,2,1,2,1,1,1,1,1,1,1,1,1,1,1,1,1,1,1,1,1,1,1,1,1,1,1,1,2,1,1,1,1,1,1,1,1,1,1,1,1,1,1,1,1,1,1,1,1,1,1,2,1,2,2,2,2,1,2,2,2,2,2,2,1,2,2,2,2,2,1,2,1,2,1,2,2,1,1,2,2,2,2,2,1,2,2,2,2,1,2,2,2,1,2,2,2,1,2,2,1
The initial center are: 
4.900,6.800,4.900	3.100,3.000,2.500	1.500,5.500,4.500
The cluster center are: 
5.006,6.802,5.854	3.428,3.044,2.742	1.462,5.649,4.346
Test 11, and max iterator is 6, the accuracy score is: 0.8933
The pred label are: 
0,0,0,0,0,0,0,0,0,0,0,0,0,0,0,0,0,0,0,0,0,0,0,0,0,0,0,0,0,0,0,0,0,0,0,0,0,0,0,0,0,0,0,0,0,0,0,0,0,0,2,1,2,1,1,1,1,1,1,1,1,1,1,1,1,1,1,1,1,1,1,1,1,1,1,1,1,2,1,1,1,1,1,1,1,1,1,1,1,1,1,1,1,1,1,1,1,1,1,1,2,1,2,2,2,2,1,2,2,2,2,2,2,1,2,2,2,2,2,1,2,1,2,1,2,2,1,1,2,2,2,2,2,1,2,2,2,2,1,2,2,2,1,2,2,2,1,2,2,1
The initial center are: 
5.500,5.700,6.900	2.400,3.800,3.100	3.800,1.700,5.100
The cluster center are: 
5.854,5.006,6.802	2.742,3.428,3.044	4.346,1.462,5.649
Test 12, and max iterator is 6, the accuracy score is: 0.8933
The pred label are: 
0,0,0,0,0,0,0,0,0,0,0,0,0,0,0,0,0,0,0,0,0,0,0,0,0,0,0,0,0,0,0,0,0,0,0,0,0,0,0,0,0,0,0,0,0,0,0,0,0,0,2,1,2,1,1,1,1,1,1,1,1,1,1,1,1,1,1,1,1,1,1,1,1,1,1,1,1,2,1,1,1,1,1,1,1,1,1,1,1,1,1,1,1,1,1,1,1,1,1,1,2,1,2,2,2,2,1,2,2,2,2,2,2,1,2,2,2,2,2,1,2,1,2,1,2,2,1,1,2,2,2,2,2,1,2,2,2,2,1,2,2,2,1,2,2,2,1,2,2,1
The initial center are: 
6.600,5.200,6.300	3.000,3.400,2.700	4.400,1.400,4.900
The cluster center are: 
5.854,5.006,6.802	2.742,3.428,3.044	4.346,1.462,5.649
Test 13, and max iterator is 6, the accuracy score is: 0.8867
The pred label are: 
0,0,0,0,0,0,0,0,0,0,0,0,0,0,0,0,0,0,0,0,0,0,0,0,0,0,0,0,0,0,0,0,0,0,0,0,0,0,0,0,0,0,0,0,0,0,0,0,0,0,2,1,2,1,1,1,1,1,1,1,1,1,1,1,1,1,1,1,1,1,1,1,1,1,1,1,1,2,1,1,1,1,1,1,1,1,1,1,1,1,1,1,1,1,1,1,1,1,1,1,2,1,2,2,2,2,1,2,2,2,2,2,2,1,1,2,2,2,2,1,2,1,2,1,2,2,1,1,2,2,2,2,2,1,2,2,2,2,1,2,2,2,1,2,2,2,1,2,2,1
The initial center are: 
5.800,6.400,5.400	2.700,2.800,3.700	3.900,5.600,1.500
The cluster center are: 
5.885,6.828,5.006	2.740,3.070,3.428	4.377,5.700,1.462
Test 14, and max iterator is 6, the accuracy score is: 0.8933
The pred label are: 
0,0,0,0,0,0,0,0,0,0,0,0,0,0,0,0,0,0,0,0,0,0,0,0,0,0,0,0,0,0,0,0,0,0,0,0,0,0,0,0,0,0,0,0,0,0,0,0,0,0,1,1,2,1,1,1,1,1,1,1,1,1,1,1,1,1,1,1,1,1,1,1,1,1,1,1,1,2,1,1,1,1,1,1,1,1,1,1,1,1,1,1,1,1,1,1,1,1,1,1,2,1,2,2,2,2,1,2,2,2,2,2,2,1,1,2,2,2,2,1,2,1,2,1,2,2,1,1,2,2,2,2,2,1,2,2,2,2,1,2,2,2,1,2,2,2,1,2,2,1
The initial center are: 
7.300,5.100,5.900	2.900,3.300,3.000	6.300,1.700,4.200
The cluster center are: 
6.850,5.006,5.902	3.074,3.428,2.748	5.742,1.462,4.394
Test 15, and max iterator is 6, the accuracy score is: 0.8933
The pred label are: 
0,0,0,0,0,0,0,0,0,0,0,0,0,0,0,0,0,0,0,0,0,0,0,0,0,0,0,0,0,0,0,0,0,0,0,0,0,0,0,0,0,0,0,0,0,0,0,0,0,0,1,1,2,1,1,1,1,1,1,1,1,1,1,1,1,1,1,1,1,1,1,1,1,1,1,1,1,2,1,1,1,1,1,1,1,1,1,1,1,1,1,1,1,1,1,1,1,1,1,1,2,1,2,2,2,2,1,2,2,2,2,2,2,1,1,2,2,2,2,1,2,1,2,1,2,2,1,1,2,2,2,2,2,1,2,2,2,2,1,2,2,2,1,2,2,2,1,2,2,1
The initial center are: 
6.700,5.000,6.200	3.100,3.300,2.800	5.600,1.400,4.800
The cluster center are: 
6.850,5.006,5.902	3.074,3.428,2.748	5.742,1.462,4.394
Test 16, and max iterator is 6, the accuracy score is: 0.8867
The pred label are: 
0,0,0,0,0,0,0,0,0,0,0,0,0,0,0,0,0,0,0,0,0,0,0,0,0,0,0,0,0,0,0,0,0,0,0,0,0,0,0,0,0,0,0,0,0,0,0,0,0,0,2,1,2,1,1,1,1,1,1,1,1,1,1,1,1,1,1,1,1,1,1,1,1,1,1,1,1,2,1,1,1,1,1,1,1,1,1,1,1,1,1,1,1,1,1,1,1,1,1,1,2,1,2,2,2,2,1,2,2,2,2,2,2,1,1,2,2,2,2,1,2,1,2,1,2,2,1,1,2,2,2,2,2,1,2,2,2,2,1,2,2,2,1,2,2,2,1,2,2,1
The initial center are: 
5.600,4.600,6.900	2.800,3.100,3.100	4.900,1.500,4.900
The cluster center are: 
5.884,5.006,6.854	2.741,3.428,3.077	4.389,1.462,5.715
Test 17, and max iterator is 6, the accuracy score is: 0.9000
The pred label are: 
0,0,0,0,0,0,0,0,0,0,0,0,0,0,0,0,0,0,0,0,0,0,0,0,0,0,0,0,0,0,0,0,0,0,0,0,0,0,0,0,0,0,0,0,0,0,0,0,0,0,2,1,2,1,1,1,1,1,1,1,1,1,1,1,1,1,1,1,1,1,1,1,1,1,1,1,2,2,1,1,1,1,1,1,1,1,1,1,1,1,1,1,1,1,1,1,1,1,1,1,2,1,2,2,2,2,1,2,2,2,2,2,2,1,2,2,2,2,2,1,2,1,2,1,2,2,1,1,2,2,2,2,2,2,2,2,2,2,1,2,2,2,1,2,2,2,2,2,2,1
The initial center are: 
6.400,5.000,5.700	2.700,3.300,2.600	5.300,1.400,3.500
The cluster center are: 
6.770,5.006,5.830	3.037,3.428,2.731	5.600,1.462,4.315
Test 18, and max iterator is 6, the accuracy score is: 0.8933
The pred label are: 
0,0,0,0,0,0,0,0,0,0,0,0,0,0,0,0,0,0,0,0,0,0,0,0,0,0,0,0,0,0,0,0,0,0,0,0,0,0,0,0,0,0,0,0,0,0,0,0,0,0,1,1,2,1,1,1,1,1,1,1,1,1,1,1,1,1,1,1,1,1,1,1,1,1,1,1,1,2,1,1,1,1,1,1,1,1,1,1,1,1,1,1,1,1,1,1,1,1,1,1,2,1,2,2,2,2,1,2,2,2,2,2,2,1,1,2,2,2,2,1,2,1,2,1,2,2,1,1,2,2,2,2,2,1,2,2,2,2,1,2,2,2,1,2,2,2,1,2,2,1
The initial center are: 
4.400,6.000,7.700	3.200,2.700,3.000	1.300,5.100,6.100
The cluster center are: 
5.006,5.902,6.850	3.428,2.748,3.074	1.462,4.394,5.742
Test 19, and max iterator is 6, the accuracy score is: 0.9200
The pred label are: 
0,0,0,0,0,0,0,0,0,0,0,0,0,0,0,0,0,0,0,0,0,0,0,0,0,0,0,0,0,0,0,0,0,0,0,0,0,0,0,0,0,0,0,0,0,0,0,0,0,0,2,1,2,1,1,1,1,1,1,1,1,1,1,1,1,1,1,1,1,1,1,1,1,1,1,1,2,2,1,1,1,1,1,2,1,1,2,1,1,1,1,1,1,1,1,1,1,1,1,1,2,2,2,2,2,2,1,2,2,2,2,2,2,1,2,2,2,2,2,1,2,1,2,2,2,2,1,2,2,2,2,2,2,2,2,2,2,2,1,2,2,2,2,2,2,2,2,2,2,2
The initial center are: 
5.000,6.000,5.100	2.300,2.700,3.500	3.300,5.100,1.400
The cluster center are: 
5.789,6.665,5.006	2.713,3.007,3.428	4.209,5.500,1.462
Test 20, and max iterator is 9, the accuracy score is: 0.8867
The pred label are: 
0,0,0,0,0,0,0,0,0,0,0,0,0,0,0,0,0,0,0,0,0,0,0,0,0,0,0,0,0,0,0,0,0,0,0,0,0,0,0,0,0,0,0,0,0,0,0,0,0,0,2,1,2,1,1,1,1,1,1,1,1,1,1,1,1,1,1,1,1,1,1,1,1,1,1,1,1,2,1,1,1,1,1,1,1,1,1,1,1,1,1,1,1,1,1,1,1,1,1,1,2,1,2,2,2,2,1,2,2,2,2,2,2,1,1,2,2,2,2,1,2,1,2,1,2,2,1,1,2,2,2,2,2,1,2,2,2,2,1,2,2,2,1,2,2,2,1,2,2,1
The initial center are: 
5.700,6.900,4.900	2.800,3.100,3.600	4.100,5.400,1.400
The cluster center are: 
5.884,6.854,5.006	2.741,3.077,3.428	4.389,5.715,1.462
Test 21, and max iterator is 9, the accuracy score is: 0.8933
The pred label are: 
0,0,0,0,0,0,0,0,0,0,0,0,0,0,0,0,0,0,0,0,0,0,0,0,0,0,0,0,0,0,0,0,0,0,0,0,0,0,0,0,0,0,0,0,0,0,0,0,0,0,1,1,2,1,1,1,1,1,1,1,1,1,1,1,1,1,1,1,1,1,1,1,1,1,1,1,1,2,1,1,1,1,1,1,1,1,1,1,1,1,1,1,1,1,1,1,1,1,1,1,2,1,2,2,2,2,1,2,2,2,2,2,2,1,1,2,2,2,2,1,2,1,2,1,2,2,1,1,2,2,2,2,2,1,2,2,2,2,1,2,2,2,1,2,2,2,1,2,2,1
The initial center are: 
6.300,4.700,7.900	3.300,3.200,3.800	4.700,1.300,6.400
The cluster center are: 
5.902,5.006,6.850	2.748,3.428,3.074	4.394,1.462,5.742
Test 22, and max iterator is 9, the accuracy score is: 0.8933
The pred label are: 
0,0,0,0,0,0,0,0,0,0,0,0,0,0,0,0,0,0,0,0,0,0,0,0,0,0,0,0,0,0,0,0,0,0,0,0,0,0,0,0,0,0,0,0,0,0,0,0,0,0,1,1,2,1,1,1,1,1,1,1,1,1,1,1,1,1,1,1,1,1,1,1,1,1,1,1,1,2,1,1,1,1,1,1,1,1,1,1,1,1,1,1,1,1,1,1,1,1,1,1,2,1,2,2,2,2,1,2,2,2,2,2,2,1,1,2,2,2,2,1,2,1,2,1,2,2,1,1,2,2,2,2,2,1,2,2,2,2,1,2,2,2,1,2,2,2,1,2,2,1
The initial center are: 
7.700,5.100,6.100	3.800,3.800,3.000	6.700,1.900,4.900
The cluster center are: 
6.850,5.006,5.902	3.074,3.428,2.748	5.742,1.462,4.394
Test 23, and max iterator is 9, the accuracy score is: 0.8933
The pred label are: 
0,0,0,0,0,0,0,0,0,0,0,0,0,0,0,0,0,0,0,0,0,0,0,0,0,0,0,0,0,0,0,0,0,0,0,0,0,0,0,0,0,0,0,0,0,0,0,0,0,0,2,1,2,1,1,1,1,1,1,1,1,1,1,1,1,1,1,1,1,1,1,1,1,1,1,1,1,2,1,1,1,1,1,1,1,1,1,1,1,1,1,1,1,1,1,1,1,1,1,1,2,1,2,2,2,2,1,2,2,2,2,2,2,1,2,2,2,2,2,1,2,1,2,1,2,2,1,1,2,2,2,2,2,1,2,2,2,2,1,2,2,2,1,2,2,2,1,2,2,1
The initial center are: 
6.000,5.100,5.000	2.700,3.400,2.300	5.100,1.500,3.300
The cluster center are: 
6.802,5.006,5.854	3.044,3.428,2.742	5.649,1.462,4.346
Test 24, and max iterator is 9, the accuracy score is: 0.8933
The pred label are: 
0,0,0,0,0,0,0,0,0,0,0,0,0,0,0,0,0,0,0,0,0,0,0,0,0,0,0,0,0,0,0,0,0,0,0,0,0,0,0,0,0,0,0,0,0,0,0,0,0,0,1,1,2,1,1,1,1,1,1,1,1,1,1,1,1,1,1,1,1,1,1,1,1,1,1,1,1,2,1,1,1,1,1,1,1,1,1,1,1,1,1,1,1,1,1,1,1,1,1,1,2,1,2,2,2,2,1,2,2,2,2,2,2,1,1,2,2,2,2,1,2,1,2,1,2,2,1,1,2,2,2,2,2,1,2,2,2,2,1,2,2,2,1,2,2,2,1,2,2,1
The initial center are: 
7.900,5.000,5.900	3.800,3.300,3.000	6.400,1.400,5.100
The cluster center are: 
6.850,5.006,5.902	3.074,3.428,2.748	5.742,1.462,4.394
Test 25, and max iterator is 9, the accuracy score is: 0.8867
The pred label are: 
0,0,0,0,0,0,0,0,0,0,0,0,0,0,0,0,0,0,0,0,0,0,0,0,0,0,0,0,0,0,0,0,0,0,0,0,0,0,0,0,0,0,0,0,0,0,0,0,0,0,2,1,2,1,1,1,1,1,1,1,1,1,1,1,1,1,1,1,1,1,1,1,1,1,1,1,1,2,1,1,1,1,1,1,1,1,1,1,1,1,1,1,1,1,1,1,1,1,1,1,2,1,2,2,2,2,1,2,2,2,2,2,2,1,1,2,2,2,2,1,2,1,2,1,2,2,1,1,2,2,2,2,2,1,2,2,2,2,1,2,2,2,1,2,2,2,1,2,2,1
The initial center are: 
6.400,5.000,5.900	2.800,3.000,3.000	5.600,1.600,4.200
The cluster center are: 
6.854,5.006,5.884	3.077,3.428,2.741	5.715,1.462,4.389
Test 26, and max iterator is 9, the accuracy score is: 0.8867
The pred label are: 
0,0,0,0,0,0,0,0,0,0,0,0,0,0,0,0,0,0,0,0,0,0,0,0,0,0,0,0,0,0,0,0,0,0,0,0,0,0,0,0,0,0,0,0,0,0,0,0,0,0,2,1,2,1,1,1,1,1,1,1,1,1,1,1,1,1,1,1,1,1,1,1,1,1,1,1,1,2,1,1,1,1,1,1,1,1,1,1,1,1,1,1,1,1,1,1,1,1,1,1,2,1,2,2,2,2,1,2,2,2,2,2,2,1,1,2,2,2,2,1,2,1,2,1,2,2,1,1,2,2,2,2,2,1,2,2,2,2,1,2,2,2,1,2,2,2,1,2,2,1
The initial center are: 
5.500,4.600,6.900	2.300,3.200,3.100	4.000,1.400,4.900
The cluster center are: 
5.884,5.006,6.854	2.741,3.428,3.077	4.389,1.462,5.715
Test 27, and max iterator is 9, the accuracy score is: 0.8867
The pred label are: 
0,0,0,0,0,0,0,0,0,0,0,0,0,0,0,0,0,0,0,0,0,0,0,0,0,0,0,0,0,0,0,0,0,0,0,0,0,0,0,0,0,0,0,0,0,0,0,0,0,0,2,1,2,1,1,1,1,1,1,1,1,1,1,1,1,1,1,1,1,1,1,1,1,1,1,1,1,2,1,1,1,1,1,1,1,1,1,1,1,1,1,1,1,1,1,1,1,1,1,1,2,1,2,2,2,2,1,2,2,2,2,2,2,1,1,2,2,2,2,1,2,1,2,1,2,2,1,1,2,2,2,2,2,1,2,2,2,2,1,2,2,2,1,2,2,2,1,2,2,1
The initial center are: 
5.100,6.500,5.600	3.800,3.200,2.900	1.500,5.100,3.600
The cluster center are: 
5.006,6.854,5.884	3.428,3.077,2.741	1.462,5.715,4.389
Test 28, and max iterator is 9, the accuracy score is: 0.8933
The pred label are: 
0,0,0,0,0,0,0,0,0,0,0,0,0,0,0,0,0,0,0,0,0,0,0,0,0,0,0,0,0,0,0,0,0,0,0,0,0,0,0,0,0,0,0,0,0,0,0,0,0,0,1,1,2,1,1,1,1,1,1,1,1,1,1,1,1,1,1,1,1,1,1,1,1,1,1,1,1,2,1,1,1,1,1,1,1,1,1,1,1,1,1,1,1,1,1,1,1,1,1,1,2,1,2,2,2,2,1,2,2,2,2,2,2,1,1,2,2,2,2,1,2,1,2,1,2,2,1,1,2,2,2,2,2,1,2,2,2,2,1,2,2,2,1,2,2,2,1,2,2,1
The initial center are: 
4.900,6.100,6.500	3.000,2.800,3.000	1.400,4.700,5.800
The cluster center are: 
5.006,5.902,6.850	3.428,2.748,3.074	1.462,4.394,5.742
Test 29, and max iterator is 9, the accuracy score is: 0.8867
The pred label are: 
0,0,0,0,0,0,0,0,0,0,0,0,0,0,0,0,0,0,0,0,0,0,0,0,0,0,0,0,0,0,0,0,0,0,0,0,0,0,0,0,0,0,0,0,0,0,0,0,0,0,2,1,2,1,1,1,1,1,1,1,1,1,1,1,1,1,1,1,1,1,1,1,1,1,1,1,1,2,1,1,1,1,1,1,1,1,1,1,1,1,1,1,1,1,1,1,1,1,1,1,2,1,2,2,2,2,1,2,2,2,2,2,2,1,1,2,2,2,2,1,2,1,2,1,2,2,1,1,2,2,2,2,2,1,2,2,2,2,1,2,2,2,1,2,2,2,1,2,2,1
The initial center are: 
6.400,5.000,5.500	3.200,3.600,2.400	5.300,1.400,3.800
The cluster center are: 
6.854,5.006,5.884	3.077,3.428,2.741	5.715,1.462,4.389
Test 30, and max iterator is 12, the accuracy score is: 0.8867
The pred label are: 
0,0,0,0,0,0,0,0,0,0,0,0,0,0,0,0,0,0,0,0,0,0,0,0,0,0,0,0,0,0,0,0,0,0,0,0,0,0,0,0,0,0,0,0,0,0,0,0,0,0,2,1,2,1,1,1,1,1,1,1,1,1,1,1,1,1,1,1,1,1,1,1,1,1,1,1,1,2,1,1,1,1,1,1,1,1,1,1,1,1,1,1,1,1,1,1,1,1,1,1,2,1,2,2,2,2,1,2,2,2,2,2,2,1,1,2,2,2,2,1,2,1,2,1,2,2,1,1,2,2,2,2,2,1,2,2,2,2,1,2,2,2,1,2,2,2,1,2,2,1
The initial center are: 
4.900,6.800,5.500	3.600,3.200,2.600	1.400,5.900,4.400
The cluster center are: 
5.006,6.854,5.884	3.428,3.077,2.741	1.462,5.715,4.389
Test 31, and max iterator is 12, the accuracy score is: 0.8867
The pred label are: 
0,0,0,0,0,0,0,0,0,0,0,0,0,0,0,0,0,0,0,0,0,0,0,0,0,0,0,0,0,0,0,0,0,0,0,0,0,0,0,0,0,0,0,0,0,0,0,0,0,0,2,1,2,1,1,1,1,1,1,1,1,1,1,1,1,1,1,1,1,1,1,1,1,1,1,1,1,2,1,1,1,1,1,1,1,1,1,1,1,1,1,1,1,1,1,1,1,1,1,1,2,1,2,2,2,2,1,2,2,2,2,2,2,1,1,2,2,2,2,1,2,1,2,1,2,2,1,1,2,2,2,2,2,1,2,2,2,2,1,2,2,2,1,2,2,2,1,2,2,1
The initial center are: 
6.300,5.000,4.800	2.300,2.000,3.400	4.400,3.500,1.600
The cluster center are: 
6.854,5.884,5.006	3.077,2.741,3.428	5.715,4.389,1.462
Test 32, and max iterator is 12, the accuracy score is: 0.8867
The pred label are: 
0,0,0,0,0,0,0,0,0,0,0,0,0,0,0,0,0,0,0,0,0,0,0,0,0,0,0,0,0,0,0,0,0,0,0,0,0,0,0,0,0,0,0,0,0,0,0,0,0,0,2,1,2,1,1,1,1,1,1,1,1,1,1,1,1,1,1,1,1,1,1,1,1,1,1,1,1,2,1,1,1,1,1,1,1,1,1,1,1,1,1,1,1,1,1,1,1,1,1,1,2,1,2,2,2,2,1,2,2,2,2,2,2,1,1,2,2,2,2,1,2,1,2,1,2,2,1,1,2,2,2,2,2,1,2,2,2,2,1,2,2,2,1,2,2,2,1,2,2,1
The initial center are: 
5.000,6.300,5.700	3.500,2.900,2.800	1.600,5.600,4.100
The cluster center are: 
5.006,6.854,5.884	3.428,3.077,2.741	1.462,5.715,4.389
Test 33, and max iterator is 12, the accuracy score is: 0.8867
The pred label are: 
0,0,0,0,0,0,0,0,0,0,0,0,0,0,0,0,0,0,0,0,0,0,0,0,0,0,0,0,0,0,0,0,0,0,0,0,0,0,0,0,0,0,0,0,0,0,0,0,0,0,2,1,2,1,1,1,1,1,1,1,1,1,1,1,1,1,1,1,1,1,1,1,1,1,1,1,1,2,1,1,1,1,1,1,1,1,1,1,1,1,1,1,1,1,1,1,1,1,1,1,2,1,2,2,2,2,1,2,2,2,2,2,2,1,1,2,2,2,2,1,2,1,2,1,2,2,1,1,2,2,2,2,2,1,2,2,2,2,1,2,2,2,1,2,2,2,1,2,2,1
The initial center are: 
5.400,6.700,5.700	3.400,3.300,2.900	1.700,5.700,4.200
The cluster center are: 
5.006,6.854,5.884	3.428,3.077,2.741	1.462,5.715,4.389
Test 34, and max iterator is 12, the accuracy score is: 0.8933
The pred label are: 
0,0,0,0,0,0,0,0,0,0,0,0,0,0,0,0,0,0,0,0,0,0,0,0,0,0,0,0,0,0,0,0,0,0,0,0,0,0,0,0,0,0,0,0,0,0,0,0,0,0,1,1,2,1,1,1,1,1,1,1,1,1,1,1,1,1,1,1,1,1,1,1,1,1,1,1,1,2,1,1,1,1,1,1,1,1,1,1,1,1,1,1,1,1,1,1,1,1,1,1,2,1,2,2,2,2,1,2,2,2,2,2,2,1,1,2,2,2,2,1,2,1,2,1,2,2,1,1,2,2,2,2,2,1,2,2,2,2,1,2,2,2,1,2,2,2,1,2,2,1
The initial center are: 
7.700,4.600,5.500	2.800,3.400,2.400	6.700,1.400,3.800
The cluster center are: 
6.850,5.006,5.902	3.074,3.428,2.748	5.742,1.462,4.394
Test 35, and max iterator is 12, the accuracy score is: 0.8867
The pred label are: 
0,0,0,0,0,0,0,0,0,0,0,0,0,0,0,0,0,0,0,0,0,0,0,0,0,0,0,0,0,0,0,0,0,0,0,0,0,0,0,0,0,0,0,0,0,0,0,0,0,0,2,1,2,1,1,1,1,1,1,1,1,1,1,1,1,1,1,1,1,1,1,1,1,1,1,1,1,2,1,1,1,1,1,1,1,1,1,1,1,1,1,1,1,1,1,1,1,1,1,1,2,1,2,2,2,2,1,2,2,2,2,2,2,1,1,2,2,2,2,1,2,1,2,1,2,2,1,1,2,2,2,2,2,1,2,2,2,2,1,2,2,2,1,2,2,2,1,2,2,1
The initial center are: 
5.700,6.700,5.500	4.400,3.000,2.500	1.500,5.000,4.000
The cluster center are: 
5.006,6.854,5.884	3.428,3.077,2.741	1.462,5.715,4.389
Test 36, and max iterator is 12, the accuracy score is: 0.8933
The pred label are: 
0,0,0,0,0,0,0,0,0,0,0,0,0,0,0,0,0,0,0,0,0,0,0,0,0,0,0,0,0,0,0,0,0,0,0,0,0,0,0,0,0,0,0,0,0,0,0,0,0,0,1,1,2,1,1,1,1,1,1,1,1,1,1,1,1,1,1,1,1,1,1,1,1,1,1,1,1,2,1,1,1,1,1,1,1,1,1,1,1,1,1,1,1,1,1,1,1,1,1,1,2,1,2,2,2,2,1,2,2,2,2,2,2,1,1,2,2,2,2,1,2,1,2,1,2,2,1,1,2,2,2,2,2,1,2,2,2,2,1,2,2,2,1,2,2,2,1,2,2,1
The initial center are: 
6.300,5.000,7.700	2.800,3.600,3.000	5.100,1.400,6.100
The cluster center are: 
5.902,5.006,6.850	2.748,3.428,3.074	4.394,1.462,5.742
Test 37, and max iterator is 12, the accuracy score is: 0.8933
The pred label are: 
0,0,0,0,0,0,0,0,0,0,0,0,0,0,0,0,0,0,0,0,0,0,0,0,0,0,0,0,0,0,0,0,0,0,0,0,0,0,0,0,0,0,0,0,0,0,0,0,0,0,1,1,2,1,1,1,1,1,1,1,1,1,1,1,1,1,1,1,1,1,1,1,1,1,1,1,1,2,1,1,1,1,1,1,1,1,1,1,1,1,1,1,1,1,1,1,1,1,1,1,2,1,2,2,2,2,1,2,2,2,2,2,2,1,1,2,2,2,2,1,2,1,2,1,2,2,1,1,2,2,2,2,2,1,2,2,2,2,1,2,2,2,1,2,2,2,1,2,2,1
The initial center are: 
6.800,5.100,5.600	3.200,3.800,3.000	5.900,1.600,4.500
The cluster center are: 
6.850,5.006,5.902	3.074,3.428,2.748	5.742,1.462,4.394
Test 38, and max iterator is 12, the accuracy score is: 0.8933
The pred label are: 
0,0,0,0,0,0,0,0,0,0,0,0,0,0,0,0,0,0,0,0,0,0,0,0,0,0,0,0,0,0,0,0,0,0,0,0,0,0,0,0,0,0,0,0,0,0,0,0,0,0,1,1,2,1,1,1,1,1,1,1,1,1,1,1,1,1,1,1,1,1,1,1,1,1,1,1,1,2,1,1,1,1,1,1,1,1,1,1,1,1,1,1,1,1,1,1,1,1,1,1,2,1,2,2,2,2,1,2,2,2,2,2,2,1,1,2,2,2,2,1,2,1,2,1,2,2,1,1,2,2,2,2,2,1,2,2,2,2,1,2,2,2,1,2,2,2,1,2,2,1
The initial center are: 
6.600,4.800,7.700	3.000,3.000,3.800	4.400,1.400,6.700
The cluster center are: 
5.902,5.006,6.850	2.748,3.428,3.074	4.394,1.462,5.742
Test 39, and max iterator is 12, the accuracy score is: 0.8867
The pred label are: 
0,0,0,0,0,0,0,0,0,0,0,0,0,0,0,0,0,0,0,0,0,0,0,0,0,0,0,0,0,0,0,0,0,0,0,0,0,0,0,0,0,0,0,0,0,0,0,0,0,0,2,1,2,1,1,1,1,1,1,1,1,1,1,1,1,1,1,1,1,1,1,1,1,1,1,1,1,2,1,1,1,1,1,1,1,1,1,1,1,1,1,1,1,1,1,1,1,1,1,1,2,1,2,2,2,2,1,2,2,2,2,2,2,1,1,2,2,2,2,1,2,1,2,1,2,2,1,1,2,2,2,2,2,1,2,2,2,2,1,2,2,2,1,2,2,2,1,2,2,1
The initial center are: 
6.400,5.100,6.100	3.100,3.500,3.000	5.500,1.400,4.600
The cluster center are: 
6.854,5.006,5.884	3.077,3.428,2.741	5.715,1.462,4.389
Test 40, and max iterator is 15, the accuracy score is: 0.8933
The pred label are: 
0,0,0,0,0,0,0,0,0,0,0,0,0,0,0,0,0,0,0,0,0,0,0,0,0,0,0,0,0,0,0,0,0,0,0,0,0,0,0,0,0,0,0,0,0,0,0,0,0,0,1,1,2,1,1,1,1,1,1,1,1,1,1,1,1,1,1,1,1,1,1,1,1,1,1,1,1,2,1,1,1,1,1,1,1,1,1,1,1,1,1,1,1,1,1,1,1,1,1,1,2,1,2,2,2,2,1,2,2,2,2,2,2,1,1,2,2,2,2,1,2,1,2,1,2,2,1,1,2,2,2,2,2,1,2,2,2,2,1,2,2,2,1,2,2,2,1,2,2,1
The initial center are: 
5.900,5.100,7.200	3.200,3.400,3.600	4.800,1.500,6.100
The cluster center are: 
5.902,5.006,6.850	2.748,3.428,3.074	4.394,1.462,5.742
Test 41, and max iterator is 15, the accuracy score is: 0.8867
The pred label are: 
0,0,0,0,0,0,0,0,0,0,0,0,0,0,0,0,0,0,0,0,0,0,0,0,0,0,0,0,0,0,0,0,0,0,0,0,0,0,0,0,0,0,0,0,0,0,0,0,0,0,2,1,2,1,1,1,1,1,1,1,1,1,1,1,1,1,1,1,1,1,1,1,1,1,1,1,1,2,1,1,1,1,1,1,1,1,1,1,1,1,1,1,1,1,1,1,1,1,1,1,2,1,2,2,2,2,1,2,2,2,2,2,2,1,1,2,2,2,2,1,2,1,2,1,2,2,1,1,2,2,2,2,2,1,2,2,2,2,1,2,2,2,1,2,2,2,1,2,2,1
The initial center are: 
6.700,4.900,5.700	3.100,3.100,2.800	5.600,1.500,4.100
The cluster center are: 
6.854,5.006,5.884	3.077,3.428,2.741	5.715,1.462,4.389
Test 42, and max iterator is 15, the accuracy score is: 0.8867
The pred label are: 
0,0,0,0,0,0,0,0,0,0,0,0,0,0,0,0,0,0,0,0,0,0,0,0,0,0,0,0,0,0,0,0,0,0,0,0,0,0,0,0,0,0,0,0,0,0,0,0,0,0,2,1,2,1,1,1,1,1,1,1,1,1,1,1,1,1,1,1,1,1,1,1,1,1,1,1,1,2,1,1,1,1,1,1,1,1,1,1,1,1,1,1,1,1,1,1,1,1,1,1,2,1,2,2,2,2,1,2,2,2,2,2,2,1,1,2,2,2,2,1,2,1,2,1,2,2,1,1,2,2,2,2,2,1,2,2,2,2,1,2,2,2,1,2,2,2,1,2,2,1
The initial center are: 
7.100,4.800,5.600	3.000,3.400,3.000	5.900,1.600,4.100
The cluster center are: 
6.854,5.006,5.884	3.077,3.428,2.741	5.715,1.462,4.389
Test 43, and max iterator is 15, the accuracy score is: 0.8933
The pred label are: 
0,0,0,0,0,0,0,0,0,0,0,0,0,0,0,0,0,0,0,0,0,0,0,0,0,0,0,0,0,0,0,0,0,0,0,0,0,0,0,0,0,0,0,0,0,0,0,0,0,0,1,1,2,1,1,1,1,1,1,1,1,1,1,1,1,1,1,1,1,1,1,1,1,1,1,1,1,2,1,1,1,1,1,1,1,1,1,1,1,1,1,1,1,1,1,1,1,1,1,1,2,1,2,2,2,2,1,2,2,2,2,2,2,1,1,2,2,2,2,1,2,1,2,1,2,2,1,1,2,2,2,2,2,1,2,2,2,2,1,2,2,2,1,2,2,2,1,2,2,1
The initial center are: 
6.200,4.900,7.900	2.200,3.100,3.800	4.500,1.500,6.400
The cluster center are: 
5.902,5.006,6.850	2.748,3.428,3.074	4.394,1.462,5.742
Test 44, and max iterator is 15, the accuracy score is: 0.8867
The pred label are: 
0,0,0,0,0,0,0,0,0,0,0,0,0,0,0,0,0,0,0,0,0,0,0,0,0,0,0,0,0,0,0,0,0,0,0,0,0,0,0,0,0,0,0,0,0,0,0,0,0,0,2,1,2,1,1,1,1,1,1,1,1,1,1,1,1,1,1,1,1,1,1,1,1,1,1,1,1,2,1,1,1,1,1,1,1,1,1,1,1,1,1,1,1,1,1,1,1,1,1,1,2,1,2,2,2,2,1,2,2,2,2,2,2,1,1,2,2,2,2,1,2,1,2,1,2,2,1,1,2,2,2,2,2,1,2,2,2,2,1,2,2,2,1,2,2,2,1,2,2,1
The initial center are: 
5.400,6.400,5.500	3.400,3.200,2.400	1.700,4.500,3.700
The cluster center are: 
5.006,6.854,5.884	3.428,3.077,2.741	1.462,5.715,4.389
Test 45, and max iterator is 15, the accuracy score is: 0.8933
The pred label are: 
0,0,0,0,0,0,0,0,0,0,0,0,0,0,0,0,0,0,0,0,0,0,0,0,0,0,0,0,0,0,0,0,0,0,0,0,0,0,0,0,0,0,0,0,0,0,0,0,0,0,1,1,2,1,1,1,1,1,1,1,1,1,1,1,1,1,1,1,1,1,1,1,1,1,1,1,1,2,1,1,1,1,1,1,1,1,1,1,1,1,1,1,1,1,1,1,1,1,1,1,2,1,2,2,2,2,1,2,2,2,2,2,2,1,1,2,2,2,2,1,2,1,2,1,2,2,1,1,2,2,2,2,2,1,2,2,2,2,1,2,2,2,1,2,2,2,1,2,2,1
The initial center are: 
7.900,4.700,6.000	3.800,3.200,3.000	6.400,1.600,4.800
The cluster center are: 
6.850,5.006,5.902	3.074,3.428,2.748	5.742,1.462,4.394
Test 46, and max iterator is 15, the accuracy score is: 0.8867
The pred label are: 
0,0,0,0,0,0,0,0,0,0,0,0,0,0,0,0,0,0,0,0,0,0,0,0,0,0,0,0,0,0,0,0,0,0,0,0,0,0,0,0,0,0,0,0,0,0,0,0,0,0,2,1,2,1,1,1,1,1,1,1,1,1,1,1,1,1,1,1,1,1,1,1,1,1,1,1,1,2,1,1,1,1,1,1,1,1,1,1,1,1,1,1,1,1,1,1,1,1,1,1,2,1,2,2,2,2,1,2,2,2,2,2,2,1,1,2,2,2,2,1,2,1,2,1,2,2,1,1,2,2,2,2,2,1,2,2,2,2,1,2,2,2,1,2,2,2,1,2,2,1
The initial center are: 
5.600,4.600,6.700	2.500,3.600,3.300	3.900,1.000,5.700
The cluster center are: 
5.884,5.006,6.854	2.741,3.428,3.077	4.389,1.462,5.715
Test 47, and max iterator is 15, the accuracy score is: 0.8867
The pred label are: 
0,0,0,0,0,0,0,0,0,0,0,0,0,0,0,0,0,0,0,0,0,0,0,0,0,0,0,0,0,0,0,0,0,0,0,0,0,0,0,0,0,0,0,0,0,0,0,0,0,0,2,1,2,1,1,1,1,1,1,1,1,1,1,1,1,1,1,1,1,1,1,1,1,1,1,1,1,2,1,1,1,1,1,1,1,1,1,1,1,1,1,1,1,1,1,1,1,1,1,1,2,1,2,2,2,2,1,2,2,2,2,2,2,1,1,2,2,2,2,1,2,1,2,1,2,2,1,1,2,2,2,2,2,1,2,2,2,2,1,2,2,2,1,2,2,2,1,2,2,1
The initial center are: 
7.700,5.000,5.500	3.000,2.300,4.200	6.100,3.300,1.400
The cluster center are: 
6.854,5.884,5.006	3.077,2.741,3.428	5.715,4.389,1.462
Test 48, and max iterator is 15, the accuracy score is: 0.8867
The pred label are: 
0,0,0,0,0,0,0,0,0,0,0,0,0,0,0,0,0,0,0,0,0,0,0,0,0,0,0,0,0,0,0,0,0,0,0,0,0,0,0,0,0,0,0,0,0,0,0,0,0,0,2,1,2,1,1,1,1,1,1,1,1,1,1,1,1,1,1,1,1,1,1,1,1,1,1,1,1,2,1,1,1,1,1,1,1,1,1,1,1,1,1,1,1,1,1,1,1,1,1,1,2,1,2,2,2,2,1,2,2,2,2,2,2,1,1,2,2,2,2,1,2,1,2,1,2,2,1,1,2,2,2,2,2,1,2,2,2,2,1,2,2,2,1,2,2,2,1,2,2,1
The initial center are: 
5.100,5.600,6.500	3.500,3.000,3.200	1.400,4.100,5.100
The cluster center are: 
5.006,5.884,6.854	3.428,2.741,3.077	1.462,4.389,5.715
Test 49, and max iterator is 15, the accuracy score is: 0.8933
The pred label are: 
0,0,0,0,0,0,0,0,0,0,0,0,0,0,0,0,0,0,0,0,0,0,0,0,0,0,0,0,0,0,0,0,0,0,0,0,0,0,0,0,0,0,0,0,0,0,0,0,0,0,1,1,2,1,1,1,1,1,1,1,1,1,1,1,1,1,1,1,1,1,1,1,1,1,1,1,1,2,1,1,1,1,1,1,1,1,1,1,1,1,1,1,1,1,1,1,1,1,1,1,2,1,2,2,2,2,1,2,2,2,2,2,2,1,1,2,2,2,2,1,2,1,2,1,2,2,1,1,2,2,2,2,2,1,2,2,2,2,1,2,2,2,1,2,2,2,1,2,2,1
The initial center are: 
5.800,5.100,6.600	2.800,3.800,2.900	5.100,1.500,4.600
The cluster center are: 
6.850,5.006,5.902	3.074,3.428,2.748	5.742,1.462,4.394
Test 50, and max iterator is 18, the accuracy score is: 0.8933
The pred label are: 
0,0,0,0,0,0,0,0,0,0,0,0,0,0,0,0,0,0,0,0,0,0,0,0,0,0,0,0,0,0,0,0,0,0,0,0,0,0,0,0,0,0,0,0,0,0,0,0,0,0,1,1,2,1,1,1,1,1,1,1,1,1,1,1,1,1,1,1,1,1,1,1,1,1,1,1,1,2,1,1,1,1,1,1,1,1,1,1,1,1,1,1,1,1,1,1,1,1,1,1,2,1,2,2,2,2,1,2,2,2,2,2,2,1,1,2,2,2,2,1,2,1,2,1,2,2,1,1,2,2,2,2,2,1,2,2,2,2,1,2,2,2,1,2,2,2,1,2,2,1
The initial center are: 
6.900,5.000,6.300	3.100,3.600,2.800	5.400,1.400,5.100
The cluster center are: 
6.850,5.006,5.902	3.074,3.428,2.748	5.742,1.462,4.394
Test 51, and max iterator is 18, the accuracy score is: 0.8867
The pred label are: 
0,0,0,0,0,0,0,0,0,0,0,0,0,0,0,0,0,0,0,0,0,0,0,0,0,0,0,0,0,0,0,0,0,0,0,0,0,0,0,0,0,0,0,0,0,0,0,0,0,0,2,1,2,1,1,1,1,1,1,1,1,1,1,1,1,1,1,1,1,1,1,1,1,1,1,1,1,2,1,1,1,1,1,1,1,1,1,1,1,1,1,1,1,1,1,1,1,1,1,1,2,1,2,2,2,2,1,2,2,2,2,2,2,1,1,2,2,2,2,1,2,1,2,1,2,2,1,1,2,2,2,2,2,1,2,2,2,2,1,2,2,2,1,2,2,2,1,2,2,1
The initial center are: 
4.900,6.700,4.600	2.400,3.100,3.600	3.300,4.400,1.000
The cluster center are: 
5.884,6.854,5.006	2.741,3.077,3.428	4.389,5.715,1.462
Test 52, and max iterator is 18, the accuracy score is: 0.8867
The pred label are: 
0,0,0,0,0,0,0,0,0,0,0,0,0,0,0,0,0,0,0,0,0,0,0,0,0,0,0,0,0,0,0,0,0,0,0,0,0,0,0,0,0,0,0,0,0,0,0,0,0,0,2,1,2,1,1,1,1,1,1,1,1,1,1,1,1,1,1,1,1,1,1,1,1,1,1,1,1,2,1,1,1,1,1,1,1,1,1,1,1,1,1,1,1,1,1,1,1,1,1,1,2,1,2,2,2,2,1,2,2,2,2,2,2,1,1,2,2,2,2,1,2,1,2,1,2,2,1,1,2,2,2,2,2,1,2,2,2,2,1,2,2,2,1,2,2,2,1,2,2,1
The initial center are: 
4.800,6.100,6.300	3.400,2.800,2.700	1.600,4.000,4.900
The cluster center are: 
5.006,5.884,6.854	3.428,2.741,3.077	1.462,4.389,5.715
Test 53, and max iterator is 18, the accuracy score is: 0.8867
The pred label are: 
0,0,0,0,0,0,0,0,0,0,0,0,0,0,0,0,0,0,0,0,0,0,0,0,0,0,0,0,0,0,0,0,0,0,0,0,0,0,0,0,0,0,0,0,0,0,0,0,0,0,2,1,2,1,1,1,1,1,1,1,1,1,1,1,1,1,1,1,1,1,1,1,1,1,1,1,1,2,1,1,1,1,1,1,1,1,1,1,1,1,1,1,1,1,1,1,1,1,1,1,2,1,2,2,2,2,1,2,2,2,2,2,2,1,1,2,2,2,2,1,2,1,2,1,2,2,1,1,2,2,2,2,2,1,2,2,2,2,1,2,2,2,1,2,2,2,1,2,2,1
The initial center are: 
5.000,6.400,5.700	3.000,3.100,2.600	1.600,5.500,3.500
The cluster center are: 
5.006,6.854,5.884	3.428,3.077,2.741	1.462,5.715,4.389
Test 54, and max iterator is 18, the accuracy score is: 0.8867
The pred label are: 
0,0,0,0,0,0,0,0,0,0,0,0,0,0,0,0,0,0,0,0,0,0,0,0,0,0,0,0,0,0,0,0,0,0,0,0,0,0,0,0,0,0,0,0,0,0,0,0,0,0,2,1,2,1,1,1,1,1,1,1,1,1,1,1,1,1,1,1,1,1,1,1,1,1,1,1,1,2,1,1,1,1,1,1,1,1,1,1,1,1,1,1,1,1,1,1,1,1,1,1,2,1,2,2,2,2,1,2,2,2,2,2,2,1,1,2,2,2,2,1,2,1,2,1,2,2,1,1,2,2,2,2,2,1,2,2,2,2,1,2,2,2,1,2,2,2,1,2,2,1
The initial center are: 
6.400,4.800,5.000	2.700,3.400,2.000	5.300,1.600,3.500
The cluster center are: 
6.854,5.006,5.884	3.077,3.428,2.741	5.715,1.462,4.389
Test 55, and max iterator is 18, the accuracy score is: 0.8867
The pred label are: 
0,0,0,0,0,0,0,0,0,0,0,0,0,0,0,0,0,0,0,0,0,0,0,0,0,0,0,0,0,0,0,0,0,0,0,0,0,0,0,0,0,0,0,0,0,0,0,0,0,0,2,1,2,1,1,1,1,1,1,1,1,1,1,1,1,1,1,1,1,1,1,1,1,1,1,1,1,2,1,1,1,1,1,1,1,1,1,1,1,1,1,1,1,1,1,1,1,1,1,1,2,1,2,2,2,2,1,2,2,2,2,2,2,1,1,2,2,2,2,1,2,1,2,1,2,2,1,1,2,2,2,2,2,1,2,2,2,2,1,2,2,2,1,2,2,2,1,2,2,1
The initial center are: 
5.100,6.700,5.500	3.400,3.100,2.400	1.500,4.700,3.700
The cluster center are: 
5.006,6.854,5.884	3.428,3.077,2.741	1.462,5.715,4.389
Test 56, and max iterator is 18, the accuracy score is: 0.8933
The pred label are: 
0,0,0,0,0,0,0,0,0,0,0,0,0,0,0,0,0,0,0,0,0,0,0,0,0,0,0,0,0,0,0,0,0,0,0,0,0,0,0,0,0,0,0,0,0,0,0,0,0,0,1,1,2,1,1,1,1,1,1,1,1,1,1,1,1,1,1,1,1,1,1,1,1,1,1,1,1,2,1,1,1,1,1,1,1,1,1,1,1,1,1,1,1,1,1,1,1,1,1,1,2,1,2,2,2,2,1,2,2,2,2,2,2,1,1,2,2,2,2,1,2,1,2,1,2,2,1,1,2,2,2,2,2,1,2,2,2,2,1,2,2,2,1,2,2,2,1,2,2,1
The initial center are: 
6.000,5.200,7.700	3.400,3.500,3.800	4.500,1.500,6.700
The cluster center are: 
5.902,5.006,6.850	2.748,3.428,3.074	4.394,1.462,5.742
Test 57, and max iterator is 18, the accuracy score is: 0.8933
The pred label are: 
0,0,0,0,0,0,0,0,0,0,0,0,0,0,0,0,0,0,0,0,0,0,0,0,0,0,0,0,0,0,0,0,0,0,0,0,0,0,0,0,0,0,0,0,0,0,0,0,0,0,1,1,2,1,1,1,1,1,1,1,1,1,1,1,1,1,1,1,1,1,1,1,1,1,1,1,1,2,1,1,1,1,1,1,1,1,1,1,1,1,1,1,1,1,1,1,1,1,1,1,2,1,2,2,2,2,1,2,2,2,2,2,2,1,1,2,2,2,2,1,2,1,2,1,2,2,1,1,2,2,2,2,2,1,2,2,2,2,1,2,2,2,1,2,2,2,1,2,2,1
The initial center are: 
5.400,6.200,7.700	3.900,2.800,2.800	1.700,4.800,6.700
The cluster center are: 
5.006,5.902,6.850	3.428,2.748,3.074	1.462,4.394,5.742
Test 58, and max iterator is 18, the accuracy score is: 0.8867
The pred label are: 
0,0,0,0,0,0,0,0,0,0,0,0,0,0,0,0,0,0,0,0,0,0,0,0,0,0,0,0,0,0,0,0,0,0,0,0,0,0,0,0,0,0,0,0,0,0,0,0,0,0,2,1,2,1,1,1,1,1,1,1,1,1,1,1,1,1,1,1,1,1,1,1,1,1,1,1,1,2,1,1,1,1,1,1,1,1,1,1,1,1,1,1,1,1,1,1,1,1,1,1,2,1,2,2,2,2,1,2,2,2,2,2,2,1,1,2,2,2,2,1,2,1,2,1,2,2,1,1,2,2,2,2,2,1,2,2,2,2,1,2,2,2,1,2,2,2,1,2,2,1
The initial center are: 
5.000,6.300,5.700	3.200,2.500,2.900	1.200,5.000,4.200
The cluster center are: 
5.006,6.854,5.884	3.428,3.077,2.741	1.462,5.715,4.389
Test 59, and max iterator is 18, the accuracy score is: 0.8933
The pred label are: 
0,0,0,0,0,0,0,0,0,0,0,0,0,0,0,0,0,0,0,0,0,0,0,0,0,0,0,0,0,0,0,0,0,0,0,0,0,0,0,0,0,0,0,0,0,0,0,0,0,0,1,1,2,1,1,1,1,1,1,1,1,1,1,1,1,1,1,1,1,1,1,1,1,1,1,1,1,2,1,1,1,1,1,1,1,1,1,1,1,1,1,1,1,1,1,1,1,1,1,1,2,1,2,2,2,2,1,2,2,2,2,2,2,1,1,2,2,2,2,1,2,1,2,1,2,2,1,1,2,2,2,2,2,1,2,2,2,2,1,2,2,2,1,2,2,2,1,2,2,1
The initial center are: 
7.300,5.000,6.000	2.900,3.000,3.000	6.300,1.600,4.800
The cluster center are: 
6.850,5.006,5.902	3.074,3.428,2.748	5.742,1.462,4.394
Test 60, and max iterator is 21, the accuracy score is: 0.8933
The pred label are: 
0,0,0,0,0,0,0,0,0,0,0,0,0,0,0,0,0,0,0,0,0,0,0,0,0,0,0,0,0,0,0,0,0,0,0,0,0,0,0,0,0,0,0,0,0,0,0,0,0,0,1,1,2,1,1,1,1,1,1,1,1,1,1,1,1,1,1,1,1,1,1,1,1,1,1,1,1,2,1,1,1,1,1,1,1,1,1,1,1,1,1,1,1,1,1,1,1,1,1,1,2,1,2,2,2,2,1,2,2,2,2,2,2,1,1,2,2,2,2,1,2,1,2,1,2,2,1,1,2,2,2,2,2,1,2,2,2,2,1,2,2,2,1,2,2,2,1,2,2,1
The initial center are: 
6.700,4.800,6.300	3.100,3.400,3.300	4.400,1.600,6.000
The cluster center are: 
5.902,5.006,6.850	2.748,3.428,3.074	4.394,1.462,5.742
Test 61, and max iterator is 21, the accuracy score is: 0.8867
The pred label are: 
0,0,0,0,0,0,0,0,0,0,0,0,0,0,0,0,0,0,0,0,0,0,0,0,0,0,0,0,0,0,0,0,0,0,0,0,0,0,0,0,0,0,0,0,0,0,0,0,0,0,2,1,2,1,1,1,1,1,1,1,1,1,1,1,1,1,1,1,1,1,1,1,1,1,1,1,1,2,1,1,1,1,1,1,1,1,1,1,1,1,1,1,1,1,1,1,1,1,1,1,2,1,2,2,2,2,1,2,2,2,2,2,2,1,1,2,2,2,2,1,2,1,2,1,2,2,1,1,2,2,2,2,2,1,2,2,2,2,1,2,2,2,1,2,2,2,1,2,2,1
The initial center are: 
5.700,5.400,6.500	2.800,3.900,3.000	4.100,1.700,5.500
The cluster center are: 
5.884,5.006,6.854	2.741,3.428,3.077	4.389,1.462,5.715
Test 62, and max iterator is 21, the accuracy score is: 0.8867
The pred label are: 
0,0,0,0,0,0,0,0,0,0,0,0,0,0,0,0,0,0,0,0,0,0,0,0,0,0,0,0,0,0,0,0,0,0,0,0,0,0,0,0,0,0,0,0,0,0,0,0,0,0,2,1,2,1,1,1,1,1,1,1,1,1,1,1,1,1,1,1,1,1,1,1,1,1,1,1,1,2,1,1,1,1,1,1,1,1,1,1,1,1,1,1,1,1,1,1,1,1,1,1,2,1,2,2,2,2,1,2,2,2,2,2,2,1,1,2,2,2,2,1,2,1,2,1,2,2,1,1,2,2,2,2,2,1,2,2,2,2,1,2,2,2,1,2,2,2,1,2,2,1
The initial center are: 
5.700,6.400,5.600	3.800,3.200,2.700	1.700,5.300,4.200
The cluster center are: 
5.006,6.854,5.884	3.428,3.077,2.741	1.462,5.715,4.389
Test 63, and max iterator is 21, the accuracy score is: 0.8933
The pred label are: 
0,0,0,0,0,0,0,0,0,0,0,0,0,0,0,0,0,0,0,0,0,0,0,0,0,0,0,0,0,0,0,0,0,0,0,0,0,0,0,0,0,0,0,0,0,0,0,0,0,0,1,1,2,1,1,1,1,1,1,1,1,1,1,1,1,1,1,1,1,1,1,1,1,1,1,1,1,2,1,1,1,1,1,1,1,1,1,1,1,1,1,1,1,1,1,1,1,1,1,1,2,1,2,2,2,2,1,2,2,2,2,2,2,1,1,2,2,2,2,1,2,1,2,1,2,2,1,1,2,2,2,2,2,1,2,2,2,2,1,2,2,2,1,2,2,2,1,2,2,1
The initial center are: 
5.100,6.400,7.600	3.800,2.700,3.000	1.900,5.300,6.600
The cluster center are: 
5.006,5.902,6.850	3.428,2.748,3.074	1.462,4.394,5.742
Test 64, and max iterator is 21, the accuracy score is: 0.8867
The pred label are: 
0,0,0,0,0,0,0,0,0,0,0,0,0,0,0,0,0,0,0,0,0,0,0,0,0,0,0,0,0,0,0,0,0,0,0,0,0,0,0,0,0,0,0,0,0,0,0,0,0,0,2,1,2,1,1,1,1,1,1,1,1,1,1,1,1,1,1,1,1,1,1,1,1,1,1,1,1,2,1,1,1,1,1,1,1,1,1,1,1,1,1,1,1,1,1,1,1,1,1,1,2,1,2,2,2,2,1,2,2,2,2,2,2,1,1,2,2,2,2,1,2,1,2,1,2,2,1,1,2,2,2,2,2,1,2,2,2,2,1,2,2,2,1,2,2,2,1,2,2,1
The initial center are: 
6.000,4.900,6.500	2.200,3.100,3.000	5.000,1.500,5.500
The cluster center are: 
5.884,5.006,6.854	2.741,3.428,3.077	4.389,1.462,5.715
Test 65, and max iterator is 21, the accuracy score is: 0.8933
The pred label are: 
0,0,0,0,0,0,0,0,0,0,0,0,0,0,0,0,0,0,0,0,0,0,0,0,0,0,0,0,0,0,0,0,0,0,0,0,0,0,0,0,0,0,0,0,0,0,0,0,0,0,1,1,2,1,1,1,1,1,1,1,1,1,1,1,1,1,1,1,1,1,1,1,1,1,1,1,1,2,1,1,1,1,1,1,1,1,1,1,1,1,1,1,1,1,1,1,1,1,1,1,2,1,2,2,2,2,1,2,2,2,2,2,2,1,1,2,2,2,2,1,2,1,2,1,2,2,1,1,2,2,2,2,2,1,2,2,2,2,1,2,2,2,1,2,2,2,1,2,2,1
The initial center are: 
5.100,6.300,7.100	3.800,2.700,3.000	1.600,4.900,5.900
The cluster center are: 
5.006,5.902,6.850	3.428,2.748,3.074	1.462,4.394,5.742
Test 66, and max iterator is 21, the accuracy score is: 0.8867
The pred label are: 
0,0,0,0,0,0,0,0,0,0,0,0,0,0,0,0,0,0,0,0,0,0,0,0,0,0,0,0,0,0,0,0,0,0,0,0,0,0,0,0,0,0,0,0,0,0,0,0,0,0,2,1,2,1,1,1,1,1,1,1,1,1,1,1,1,1,1,1,1,1,1,1,1,1,1,1,1,2,1,1,1,1,1,1,1,1,1,1,1,1,1,1,1,1,1,1,1,1,1,1,2,1,2,2,2,2,1,2,2,2,2,2,2,1,1,2,2,2,2,1,2,1,2,1,2,2,1,1,2,2,2,2,2,1,2,2,2,2,1,2,2,2,1,2,2,2,1,2,2,1
The initial center are: 
5.400,6.700,5.800	3.400,3.000,2.700	1.700,5.000,4.100
The cluster center are: 
5.006,6.854,5.884	3.428,3.077,2.741	1.462,5.715,4.389
Test 67, and max iterator is 21, the accuracy score is: 0.8867
The pred label are: 
0,0,0,0,0,0,0,0,0,0,0,0,0,0,0,0,0,0,0,0,0,0,0,0,0,0,0,0,0,0,0,0,0,0,0,0,0,0,0,0,0,0,0,0,0,0,0,0,0,0,2,1,2,1,1,1,1,1,1,1,1,1,1,1,1,1,1,1,1,1,1,1,1,1,1,1,1,2,1,1,1,1,1,1,1,1,1,1,1,1,1,1,1,1,1,1,1,1,1,1,2,1,2,2,2,2,1,2,2,2,2,2,2,1,1,2,2,2,2,1,2,1,2,1,2,2,1,1,2,2,2,2,2,1,2,2,2,2,1,2,2,2,1,2,2,2,1,2,2,1
The initial center are: 
5.800,6.500,5.000	2.700,3.200,3.300	4.100,5.100,1.400
The cluster center are: 
5.884,6.854,5.006	2.741,3.077,3.428	4.389,5.715,1.462
Test 68, and max iterator is 21, the accuracy score is: 0.8933
The pred label are: 
0,0,0,0,0,0,0,0,0,0,0,0,0,0,0,0,0,0,0,0,0,0,0,0,0,0,0,0,0,0,0,0,0,0,0,0,0,0,0,0,0,0,0,0,0,0,0,0,0,0,1,1,2,1,1,1,1,1,1,1,1,1,1,1,1,1,1,1,1,1,1,1,1,1,1,1,1,2,1,1,1,1,1,1,1,1,1,1,1,1,1,1,1,1,1,1,1,1,1,1,2,1,2,2,2,2,1,2,2,2,2,2,2,1,1,2,2,2,2,1,2,1,2,1,2,2,1,1,2,2,2,2,2,1,2,2,2,2,1,2,2,2,1,2,2,2,1,2,2,1
The initial center are: 
6.100,4.800,7.200	2.900,3.400,3.600	4.700,1.900,6.100
The cluster center are: 
5.902,5.006,6.850	2.748,3.428,3.074	4.394,1.462,5.742
Test 69, and max iterator is 21, the accuracy score is: 0.8933
The pred label are: 
0,0,0,0,0,0,0,0,0,0,0,0,0,0,0,0,0,0,0,0,0,0,0,0,0,0,0,0,0,0,0,0,0,0,0,0,0,0,0,0,0,0,0,0,0,0,0,0,0,0,1,1,2,1,1,1,1,1,1,1,1,1,1,1,1,1,1,1,1,1,1,1,1,1,1,1,1,2,1,1,1,1,1,1,1,1,1,1,1,1,1,1,1,1,1,1,1,1,1,1,2,1,2,2,2,2,1,2,2,2,2,2,2,1,1,2,2,2,2,1,2,1,2,1,2,2,1,1,2,2,2,2,2,1,2,2,2,2,1,2,2,2,1,2,2,2,1,2,2,1
The initial center are: 
6.500,4.900,6.400	2.800,3.100,2.800	4.600,1.500,5.600
The cluster center are: 
5.902,5.006,6.850	2.748,3.428,3.074	4.394,1.462,5.742
Test 70, and max iterator is 24, the accuracy score is: 0.8933
The pred label are: 
0,0,0,0,0,0,0,0,0,0,0,0,0,0,0,0,0,0,0,0,0,0,0,0,0,0,0,0,0,0,0,0,0,0,0,0,0,0,0,0,0,0,0,0,0,0,0,0,0,0,1,1,2,1,1,1,1,1,1,1,1,1,1,1,1,1,1,1,1,1,1,1,1,1,1,1,1,2,1,1,1,1,1,1,1,1,1,1,1,1,1,1,1,1,1,1,1,1,1,1,2,1,2,2,2,2,1,2,2,2,2,2,2,1,1,2,2,2,2,1,2,1,2,1,2,2,1,1,2,2,2,2,2,1,2,2,2,2,1,2,2,2,1,2,2,2,1,2,2,1
The initial center are: 
6.000,5.000,7.700	2.900,3.400,3.000	4.500,1.500,6.100
The cluster center are: 
5.902,5.006,6.850	2.748,3.428,3.074	4.394,1.462,5.742
Test 71, and max iterator is 24, the accuracy score is: 0.8933
The pred label are: 
0,0,0,0,0,0,0,0,0,0,0,0,0,0,0,0,0,0,0,0,0,0,0,0,0,0,0,0,0,0,0,0,0,0,0,0,0,0,0,0,0,0,0,0,0,0,0,0,0,0,1,1,2,1,1,1,1,1,1,1,1,1,1,1,1,1,1,1,1,1,1,1,1,1,1,1,1,2,1,1,1,1,1,1,1,1,1,1,1,1,1,1,1,1,1,1,1,1,1,1,2,1,2,2,2,2,1,2,2,2,2,2,2,1,1,2,2,2,2,1,2,1,2,1,2,2,1,1,2,2,2,2,2,1,2,2,2,2,1,2,2,2,1,2,2,2,1,2,2,1
The initial center are: 
7.300,4.800,5.900	2.900,3.000,3.000	6.300,1.400,4.200
The cluster center are: 
6.850,5.006,5.902	3.074,3.428,2.748	5.742,1.462,4.394
Test 72, and max iterator is 24, the accuracy score is: 0.8867
The pred label are: 
0,0,0,0,0,0,0,0,0,0,0,0,0,0,0,0,0,0,0,0,0,0,0,0,0,0,0,0,0,0,0,0,0,0,0,0,0,0,0,0,0,0,0,0,0,0,0,0,0,0,2,1,2,1,1,1,1,1,1,1,1,1,1,1,1,1,1,1,1,1,1,1,1,1,1,1,1,2,1,1,1,1,1,1,1,1,1,1,1,1,1,1,1,1,1,1,1,1,1,1,2,1,2,2,2,2,1,2,2,2,2,2,2,1,1,2,2,2,2,1,2,1,2,1,2,2,1,1,2,2,2,2,2,1,2,2,2,2,1,2,2,2,1,2,2,2,1,2,2,1
The initial center are: 
5.100,6.400,5.500	3.800,3.200,2.500	1.500,5.300,4.000
The cluster center are: 
5.006,6.854,5.884	3.428,3.077,2.741	1.462,5.715,4.389
Test 73, and max iterator is 24, the accuracy score is: 0.8867
The pred label are: 
0,0,0,0,0,0,0,0,0,0,0,0,0,0,0,0,0,0,0,0,0,0,0,0,0,0,0,0,0,0,0,0,0,0,0,0,0,0,0,0,0,0,0,0,0,0,0,0,0,0,2,1,2,1,1,1,1,1,1,1,1,1,1,1,1,1,1,1,1,1,1,1,1,1,1,1,1,2,1,1,1,1,1,1,1,1,1,1,1,1,1,1,1,1,1,1,1,1,1,1,2,1,2,2,2,2,1,2,2,2,2,2,2,1,1,2,2,2,2,1,2,1,2,1,2,2,1,1,2,2,2,2,2,1,2,2,2,2,1,2,2,2,1,2,2,2,1,2,2,1
The initial center are: 
6.300,4.800,5.800	2.500,3.100,2.600	5.000,1.600,4.000
The cluster center are: 
6.854,5.006,5.884	3.077,3.428,2.741	5.715,1.462,4.389
Test 74, and max iterator is 24, the accuracy score is: 0.8933
The pred label are: 
0,0,0,0,0,0,0,0,0,0,0,0,0,0,0,0,0,0,0,0,0,0,0,0,0,0,0,0,0,0,0,0,0,0,0,0,0,0,0,0,0,0,0,0,0,0,0,0,0,0,1,1,2,1,1,1,1,1,1,1,1,1,1,1,1,1,1,1,1,1,1,1,1,1,1,1,1,2,1,1,1,1,1,1,1,1,1,1,1,1,1,1,1,1,1,1,1,1,1,1,2,1,2,2,2,2,1,2,2,2,2,2,2,1,1,2,2,2,2,1,2,1,2,1,2,2,1,1,2,2,2,2,2,1,2,2,2,2,1,2,2,2,1,2,2,2,1,2,2,1
The initial center are: 
6.100,5.000,6.700	3.000,3.300,3.300	4.600,1.400,5.700
The cluster center are: 
5.902,5.006,6.850	2.748,3.428,3.074	4.394,1.462,5.742
Test 75, and max iterator is 24, the accuracy score is: 0.8867
The pred label are: 
0,0,0,0,0,0,0,0,0,0,0,0,0,0,0,0,0,0,0,0,0,0,0,0,0,0,0,0,0,0,0,0,0,0,0,0,0,0,0,0,0,0,0,0,0,0,0,0,0,0,2,1,2,1,1,1,1,1,1,1,1,1,1,1,1,1,1,1,1,1,1,1,1,1,1,1,1,2,1,1,1,1,1,1,1,1,1,1,1,1,1,1,1,1,1,1,1,1,1,1,2,1,2,2,2,2,1,2,2,2,2,2,2,1,1,2,2,2,2,1,2,1,2,1,2,2,1,1,2,2,2,2,2,1,2,2,2,2,1,2,2,2,1,2,2,2,1,2,2,1
The initial center are: 
6.800,4.600,5.800	3.000,3.100,2.600	5.500,1.500,4.000
The cluster center are: 
6.854,5.006,5.884	3.077,3.428,2.741	5.715,1.462,4.389
Test 76, and max iterator is 24, the accuracy score is: 0.8933
The pred label are: 
0,0,0,0,0,0,0,0,0,0,0,0,0,0,0,0,0,0,0,0,0,0,0,0,0,0,0,0,0,0,0,0,0,0,0,0,0,0,0,0,0,0,0,0,0,0,0,0,0,0,1,1,2,1,1,1,1,1,1,1,1,1,1,1,1,1,1,1,1,1,1,1,1,1,1,1,1,2,1,1,1,1,1,1,1,1,1,1,1,1,1,1,1,1,1,1,1,1,1,1,2,1,2,2,2,2,1,2,2,2,2,2,2,1,1,2,2,2,2,1,2,1,2,1,2,2,1,1,2,2,2,2,2,1,2,2,2,2,1,2,2,2,1,2,2,2,1,2,2,1
The initial center are: 
7.700,5.100,6.300	3.000,3.300,2.700	6.100,1.700,4.900
The cluster center are: 
6.850,5.006,5.902	3.074,3.428,2.748	5.742,1.462,4.394
Test 77, and max iterator is 24, the accuracy score is: 0.8867
The pred label are: 
0,0,0,0,0,0,0,0,0,0,0,0,0,0,0,0,0,0,0,0,0,0,0,0,0,0,0,0,0,0,0,0,0,0,0,0,0,0,0,0,0,0,0,0,0,0,0,0,0,0,2,1,2,1,1,1,1,1,1,1,1,1,1,1,1,1,1,1,1,1,1,1,1,1,1,1,1,2,1,1,1,1,1,1,1,1,1,1,1,1,1,1,1,1,1,1,1,1,1,1,2,1,2,2,2,2,1,2,2,2,2,2,2,1,1,2,2,2,2,1,2,1,2,1,2,2,1,1,2,2,2,2,2,1,2,2,2,2,1,2,2,2,1,2,2,2,1,2,2,1
The initial center are: 
5.700,5.300,6.400	3.000,3.700,2.800	4.200,1.500,5.600
The cluster center are: 
5.884,5.006,6.854	2.741,3.428,3.077	4.389,1.462,5.715
Test 78, and max iterator is 24, the accuracy score is: 0.8867
The pred label are: 
0,0,0,0,0,0,0,0,0,0,0,0,0,0,0,0,0,0,0,0,0,0,0,0,0,0,0,0,0,0,0,0,0,0,0,0,0,0,0,0,0,0,0,0,0,0,0,0,0,0,2,1,2,1,1,1,1,1,1,1,1,1,1,1,1,1,1,1,1,1,1,1,1,1,1,1,1,2,1,1,1,1,1,1,1,1,1,1,1,1,1,1,1,1,1,1,1,1,1,1,2,1,2,2,2,2,1,2,2,2,2,2,2,1,1,2,2,2,2,1,2,1,2,1,2,2,1,1,2,2,2,2,2,1,2,2,2,2,1,2,2,2,1,2,2,2,1,2,2,1
The initial center are: 
5.000,6.300,5.800	3.500,2.800,2.600	1.300,5.100,4.000
The cluster center are: 
5.006,6.854,5.884	3.428,3.077,2.741	1.462,5.715,4.389
Test 79, and max iterator is 24, the accuracy score is: 0.8867
The pred label are: 
0,0,0,0,0,0,0,0,0,0,0,0,0,0,0,0,0,0,0,0,0,0,0,0,0,0,0,0,0,0,0,0,0,0,0,0,0,0,0,0,0,0,0,0,0,0,0,0,0,0,2,1,2,1,1,1,1,1,1,1,1,1,1,1,1,1,1,1,1,1,1,1,1,1,1,1,1,2,1,1,1,1,1,1,1,1,1,1,1,1,1,1,1,1,1,1,1,1,1,1,2,1,2,2,2,2,1,2,2,2,2,2,2,1,1,2,2,2,2,1,2,1,2,1,2,2,1,1,2,2,2,2,2,1,2,2,2,2,1,2,2,2,1,2,2,2,1,2,2,1
The initial center are: 
6.300,5.000,6.400	2.300,3.400,3.100	4.400,1.600,5.500
The cluster center are: 
5.884,5.006,6.854	2.741,3.428,3.077	4.389,1.462,5.715
Test 80, and max iterator is 27, the accuracy score is: 0.8933
The pred label are: 
0,0,0,0,0,0,0,0,0,0,0,0,0,0,0,0,0,0,0,0,0,0,0,0,0,0,0,0,0,0,0,0,0,0,0,0,0,0,0,0,0,0,0,0,0,0,0,0,0,0,1,1,2,1,1,1,1,1,1,1,1,1,1,1,1,1,1,1,1,1,1,1,1,1,1,1,1,2,1,1,1,1,1,1,1,1,1,1,1,1,1,1,1,1,1,1,1,1,1,1,2,1,2,2,2,2,1,2,2,2,2,2,2,1,1,2,2,2,2,1,2,1,2,1,2,2,1,1,2,2,2,2,2,1,2,2,2,2,1,2,2,2,1,2,2,2,1,2,2,1
The initial center are: 
5.400,6.300,6.700	3.700,2.800,3.100	1.500,5.100,5.600
The cluster center are: 
5.006,5.902,6.850	3.428,2.748,3.074	1.462,4.394,5.742
Test 81, and max iterator is 27, the accuracy score is: 0.8867
The pred label are: 
0,0,0,0,0,0,0,0,0,0,0,0,0,0,0,0,0,0,0,0,0,0,0,0,0,0,0,0,0,0,0,0,0,0,0,0,0,0,0,0,0,0,0,0,0,0,0,0,0,0,2,1,2,1,1,1,1,1,1,1,1,1,1,1,1,1,1,1,1,1,1,1,1,1,1,1,1,2,1,1,1,1,1,1,1,1,1,1,1,1,1,1,1,1,1,1,1,1,1,1,2,1,2,2,2,2,1,2,2,2,2,2,2,1,1,2,2,2,2,1,2,1,2,1,2,2,1,1,2,2,2,2,2,1,2,2,2,2,1,2,2,2,1,2,2,2,1,2,2,1
The initial center are: 
5.800,4.400,6.900	2.700,3.000,3.100	4.100,1.300,5.100
The cluster center are: 
5.884,5.006,6.854	2.741,3.428,3.077	4.389,1.462,5.715
Test 82, and max iterator is 27, the accuracy score is: 0.8933
The pred label are: 
0,0,0,0,0,0,0,0,0,0,0,0,0,0,0,0,0,0,0,0,0,0,0,0,0,0,0,0,0,0,0,0,0,0,0,0,0,0,0,0,0,0,0,0,0,0,0,0,0,0,1,1,2,1,1,1,1,1,1,1,1,1,1,1,1,1,1,1,1,1,1,1,1,1,1,1,1,2,1,1,1,1,1,1,1,1,1,1,1,1,1,1,1,1,1,1,1,1,1,1,2,1,2,2,2,2,1,2,2,2,2,2,2,1,1,2,2,2,2,1,2,1,2,1,2,2,1,1,2,2,2,2,2,1,2,2,2,2,1,2,2,2,1,2,2,2,1,2,2,1
The initial center are: 
7.900,5.200,5.700	3.800,3.400,2.800	6.400,1.400,4.100
The cluster center are: 
6.850,5.006,5.902	3.074,3.428,2.748	5.742,1.462,4.394
Test 83, and max iterator is 27, the accuracy score is: 0.8867
The pred label are: 
0,0,0,0,0,0,0,0,0,0,0,0,0,0,0,0,0,0,0,0,0,0,0,0,0,0,0,0,0,0,0,0,0,0,0,0,0,0,0,0,0,0,0,0,0,0,0,0,0,0,2,1,2,1,1,1,1,1,1,1,1,1,1,1,1,1,1,1,1,1,1,1,1,1,1,1,1,2,1,1,1,1,1,1,1,1,1,1,1,1,1,1,1,1,1,1,1,1,1,1,2,1,2,2,2,2,1,2,2,2,2,2,2,1,1,2,2,2,2,1,2,1,2,1,2,2,1,1,2,2,2,2,2,1,2,2,2,2,1,2,2,2,1,2,2,2,1,2,2,1
The initial center are: 
5.800,4.600,6.500	2.700,3.200,3.000	3.900,1.400,5.800
The cluster center are: 
5.884,5.006,6.854	2.741,3.428,3.077	4.389,1.462,5.715
Test 84, and max iterator is 27, the accuracy score is: 0.8933
The pred label are: 
0,0,0,0,0,0,0,0,0,0,0,0,0,0,0,0,0,0,0,0,0,0,0,0,0,0,0,0,0,0,0,0,0,0,0,0,0,0,0,0,0,0,0,0,0,0,0,0,0,0,1,1,2,1,1,1,1,1,1,1,1,1,1,1,1,1,1,1,1,1,1,1,1,1,1,1,1,2,1,1,1,1,1,1,1,1,1,1,1,1,1,1,1,1,1,1,1,1,1,1,2,1,2,2,2,2,1,2,2,2,2,2,2,1,1,2,2,2,2,1,2,1,2,1,2,2,1,1,2,2,2,2,2,1,2,2,2,2,1,2,2,2,1,2,2,2,1,2,2,1
The initial center are: 
5.500,5.000,7.600	2.500,3.500,3.000	4.000,1.300,6.600
The cluster center are: 
5.902,5.006,6.850	2.748,3.428,3.074	4.394,1.462,5.742
Test 85, and max iterator is 27, the accuracy score is: 0.8867
The pred label are: 
0,0,0,0,0,0,0,0,0,0,0,0,0,0,0,0,0,0,0,0,0,0,0,0,0,0,0,0,0,0,0,0,0,0,0,0,0,0,0,0,0,0,0,0,0,0,0,0,0,0,2,1,2,1,1,1,1,1,1,1,1,1,1,1,1,1,1,1,1,1,1,1,1,1,1,1,1,2,1,1,1,1,1,1,1,1,1,1,1,1,1,1,1,1,1,1,1,1,1,1,2,1,2,2,2,2,1,2,2,2,2,2,2,1,1,2,2,2,2,1,2,1,2,1,2,2,1,1,2,2,2,2,2,1,2,2,2,2,1,2,2,2,1,2,2,2,1,2,2,1
The initial center are: 
4.900,4.600,7.200	2.500,3.100,3.200	4.500,1.500,6.000
The cluster center are: 
5.884,5.006,6.854	2.741,3.428,3.077	4.389,1.462,5.715
Test 86, and max iterator is 27, the accuracy score is: 0.8867
The pred label are: 
0,0,0,0,0,0,0,0,0,0,0,0,0,0,0,0,0,0,0,0,0,0,0,0,0,0,0,0,0,0,0,0,0,0,0,0,0,0,0,0,0,0,0,0,0,0,0,0,0,0,2,1,2,1,1,1,1,1,1,1,1,1,1,1,1,1,1,1,1,1,1,1,1,1,1,1,1,2,1,1,1,1,1,1,1,1,1,1,1,1,1,1,1,1,1,1,1,1,1,1,2,1,2,2,2,2,1,2,2,2,2,2,2,1,1,2,2,2,2,1,2,1,2,1,2,2,1,1,2,2,2,2,2,1,2,2,2,2,1,2,2,2,1,2,2,2,1,2,2,1
The initial center are: 
6.200,4.600,5.700	3.400,3.400,2.800	5.400,1.400,4.100
The cluster center are: 
6.854,5.006,5.884	3.077,3.428,2.741	5.715,1.462,4.389
Test 87, and max iterator is 27, the accuracy score is: 0.8867
The pred label are: 
0,0,0,0,0,0,0,0,0,0,0,0,0,0,0,0,0,0,0,0,0,0,0,0,0,0,0,0,0,0,0,0,0,0,0,0,0,0,0,0,0,0,0,0,0,0,0,0,0,0,2,1,2,1,1,1,1,1,1,1,1,1,1,1,1,1,1,1,1,1,1,1,1,1,1,1,1,2,1,1,1,1,1,1,1,1,1,1,1,1,1,1,1,1,1,1,1,1,1,1,2,1,2,2,2,2,1,2,2,2,2,2,2,1,1,2,2,2,2,1,2,1,2,1,2,2,1,1,2,2,2,2,2,1,2,2,2,2,1,2,2,2,1,2,2,2,1,2,2,1
The initial center are: 
6.700,5.400,5.500	3.000,3.900,2.600	5.000,1.700,4.400
The cluster center are: 
6.854,5.006,5.884	3.077,3.428,2.741	5.715,1.462,4.389
Test 88, and max iterator is 27, the accuracy score is: 0.8867
The pred label are: 
0,0,0,0,0,0,0,0,0,0,0,0,0,0,0,0,0,0,0,0,0,0,0,0,0,0,0,0,0,0,0,0,0,0,0,0,0,0,0,0,0,0,0,0,0,0,0,0,0,0,2,1,2,1,1,1,1,1,1,1,1,1,1,1,1,1,1,1,1,1,1,1,1,1,1,1,1,2,1,1,1,1,1,1,1,1,1,1,1,1,1,1,1,1,1,1,1,1,1,1,2,1,2,2,2,2,1,2,2,2,2,2,2,1,1,2,2,2,2,1,2,1,2,1,2,2,1,1,2,2,2,2,2,1,2,2,2,2,1,2,2,2,1,2,2,2,1,2,2,1
The initial center are: 
5.200,6.400,6.200	4.100,2.700,2.900	1.500,5.300,4.300
The cluster center are: 
5.006,6.854,5.884	3.428,3.077,2.741	1.462,5.715,4.389
Test 89, and max iterator is 27, the accuracy score is: 0.8867
The pred label are: 
0,0,0,0,0,0,0,0,0,0,0,0,0,0,0,0,0,0,0,0,0,0,0,0,0,0,0,0,0,0,0,0,0,0,0,0,0,0,0,0,0,0,0,0,0,0,0,0,0,0,2,1,2,1,1,1,1,1,1,1,1,1,1,1,1,1,1,1,1,1,1,1,1,1,1,1,1,2,1,1,1,1,1,1,1,1,1,1,1,1,1,1,1,1,1,1,1,1,1,1,2,1,2,2,2,2,1,2,2,2,2,2,2,1,1,2,2,2,2,1,2,1,2,1,2,2,1,1,2,2,2,2,2,1,2,2,2,2,1,2,2,2,1,2,2,2,1,2,2,1
The initial center are: 
6.500,5.100,5.600	3.000,3.400,2.700	5.200,1.500,4.200
The cluster center are: 
6.854,5.006,5.884	3.077,3.428,2.741	5.715,1.462,4.389
Test 90, and max iterator is 30, the accuracy score is: 0.8933
The pred label are: 
0,0,0,0,0,0,0,0,0,0,0,0,0,0,0,0,0,0,0,0,0,0,0,0,0,0,0,0,0,0,0,0,0,0,0,0,0,0,0,0,0,0,0,0,0,0,0,0,0,0,1,1,2,1,1,1,1,1,1,1,1,1,1,1,1,1,1,1,1,1,1,1,1,1,1,1,1,2,1,1,1,1,1,1,1,1,1,1,1,1,1,1,1,1,1,1,1,1,1,1,2,1,2,2,2,2,1,2,2,2,2,2,2,1,1,2,2,2,2,1,2,1,2,1,2,2,1,1,2,2,2,2,2,1,2,2,2,2,1,2,2,2,1,2,2,2,1,2,2,1
The initial center are: 
6.100,4.900,7.400	3.000,3.100,2.800	4.600,1.500,6.100
The cluster center are: 
5.902,5.006,6.850	2.748,3.428,3.074	4.394,1.462,5.742
Test 91, and max iterator is 30, the accuracy score is: 0.8867
The pred label are: 
0,0,0,0,0,0,0,0,0,0,0,0,0,0,0,0,0,0,0,0,0,0,0,0,0,0,0,0,0,0,0,0,0,0,0,0,0,0,0,0,0,0,0,0,0,0,0,0,0,0,2,1,2,1,1,1,1,1,1,1,1,1,1,1,1,1,1,1,1,1,1,1,1,1,1,1,1,2,1,1,1,1,1,1,1,1,1,1,1,1,1,1,1,1,1,1,1,1,1,1,2,1,2,2,2,2,1,2,2,2,2,2,2,1,1,2,2,2,2,1,2,1,2,1,2,2,1,1,2,2,2,2,2,1,2,2,2,2,1,2,2,2,1,2,2,2,1,2,2,1
The initial center are: 
4.900,4.900,6.300	2.500,3.600,3.300	4.500,1.400,6.000
The cluster center are: 
5.884,5.006,6.854	2.741,3.428,3.077	4.389,1.462,5.715
Test 92, and max iterator is 30, the accuracy score is: 0.8933
The pred label are: 
0,0,0,0,0,0,0,0,0,0,0,0,0,0,0,0,0,0,0,0,0,0,0,0,0,0,0,0,0,0,0,0,0,0,0,0,0,0,0,0,0,0,0,0,0,0,0,0,0,0,1,1,2,1,1,1,1,1,1,1,1,1,1,1,1,1,1,1,1,1,1,1,1,1,1,1,1,2,1,1,1,1,1,1,1,1,1,1,1,1,1,1,1,1,1,1,1,1,1,1,2,1,2,2,2,2,1,2,2,2,2,2,2,1,1,2,2,2,2,1,2,1,2,1,2,2,1,1,2,2,2,2,2,1,2,2,2,2,1,2,2,2,1,2,2,2,1,2,2,1
The initial center are: 
7.700,5.700,5.100	2.800,2.900,3.500	6.700,4.200,1.400
The cluster center are: 
6.850,5.902,5.006	3.074,2.748,3.428	5.742,4.394,1.462
Test 93, and max iterator is 30, the accuracy score is: 0.8933
The pred label are: 
0,0,0,0,0,0,0,0,0,0,0,0,0,0,0,0,0,0,0,0,0,0,0,0,0,0,0,0,0,0,0,0,0,0,0,0,0,0,0,0,0,0,0,0,0,0,0,0,0,0,1,1,2,1,1,1,1,1,1,1,1,1,1,1,1,1,1,1,1,1,1,1,1,1,1,1,1,2,1,1,1,1,1,1,1,1,1,1,1,1,1,1,1,1,1,1,1,1,1,1,2,1,2,2,2,2,1,2,2,2,2,2,2,1,1,2,2,2,2,1,2,1,2,1,2,2,1,1,2,2,2,2,2,1,2,2,2,2,1,2,2,2,1,2,2,2,1,2,2,1
The initial center are: 
6.100,5.700,7.300	3.000,3.800,2.900	4.600,1.700,6.300
The cluster center are: 
5.902,5.006,6.850	2.748,3.428,3.074	4.394,1.462,5.742
Test 94, and max iterator is 30, the accuracy score is: 0.8867
The pred label are: 
0,0,0,0,0,0,0,0,0,0,0,0,0,0,0,0,0,0,0,0,0,0,0,0,0,0,0,0,0,0,0,0,0,0,0,0,0,0,0,0,0,0,0,0,0,0,0,0,0,0,2,1,2,1,1,1,1,1,1,1,1,1,1,1,1,1,1,1,1,1,1,1,1,1,1,1,1,2,1,1,1,1,1,1,1,1,1,1,1,1,1,1,1,1,1,1,1,1,1,1,2,1,2,2,2,2,1,2,2,2,2,2,2,1,1,2,2,2,2,1,2,1,2,1,2,2,1,1,2,2,2,2,2,1,2,2,2,2,1,2,2,2,1,2,2,2,1,2,2,1
The initial center are: 
5.800,5.500,6.400	2.700,3.500,3.200	3.900,1.300,5.300
The cluster center are: 
5.884,5.006,6.854	2.741,3.428,3.077	4.389,1.462,5.715
Test 95, and max iterator is 30, the accuracy score is: 0.8933
The pred label are: 
0,0,0,0,0,0,0,0,0,0,0,0,0,0,0,0,0,0,0,0,0,0,0,0,0,0,0,0,0,0,0,0,0,0,0,0,0,0,0,0,0,0,0,0,0,0,0,0,0,0,1,1,2,1,1,1,1,1,1,1,1,1,1,1,1,1,1,1,1,1,1,1,1,1,1,1,1,2,1,1,1,1,1,1,1,1,1,1,1,1,1,1,1,1,1,1,1,1,1,1,2,1,2,2,2,2,1,2,2,2,2,2,2,1,1,2,2,2,2,1,2,1,2,1,2,2,1,1,2,2,2,2,2,1,2,2,2,2,1,2,2,2,1,2,2,2,1,2,2,1
The initial center are: 
4.500,6.100,7.200	2.300,3.000,3.200	1.300,4.900,6.000
The cluster center are: 
5.006,5.902,6.850	3.428,2.748,3.074	1.462,4.394,5.742
Test 96, and max iterator is 30, the accuracy score is: 0.8867
The pred label are: 
0,0,0,0,0,0,0,0,0,0,0,0,0,0,0,0,0,0,0,0,0,0,0,0,0,0,0,0,0,0,0,0,0,0,0,0,0,0,0,0,0,0,0,0,0,0,0,0,0,0,2,1,2,1,1,1,1,1,1,1,1,1,1,1,1,1,1,1,1,1,1,1,1,1,1,1,1,2,1,1,1,1,1,1,1,1,1,1,1,1,1,1,1,1,1,1,1,1,1,1,2,1,2,2,2,2,1,2,2,2,2,2,2,1,1,2,2,2,2,1,2,1,2,1,2,2,1,1,2,2,2,2,2,1,2,2,2,2,1,2,2,2,1,2,2,2,1,2,2,1
The initial center are: 
5.400,4.900,6.400	3.000,3.000,2.700	4.500,1.400,5.300
The cluster center are: 
5.884,5.006,6.854	2.741,3.428,3.077	4.389,1.462,5.715
Test 97, and max iterator is 30, the accuracy score is: 0.8867
The pred label are: 
0,0,0,0,0,0,0,0,0,0,0,0,0,0,0,0,0,0,0,0,0,0,0,0,0,0,0,0,0,0,0,0,0,0,0,0,0,0,0,0,0,0,0,0,0,0,0,0,0,0,2,1,2,1,1,1,1,1,1,1,1,1,1,1,1,1,1,1,1,1,1,1,1,1,1,1,1,2,1,1,1,1,1,1,1,1,1,1,1,1,1,1,1,1,1,1,1,1,1,1,2,1,2,2,2,2,1,2,2,2,2,2,2,1,1,2,2,2,2,1,2,1,2,1,2,2,1,1,2,2,2,2,2,1,2,2,2,2,1,2,2,2,1,2,2,2,1,2,2,1
The initial center are: 
5.500,5.000,6.500	2.600,3.300,3.000	4.400,1.400,5.500
The cluster center are: 
5.884,5.006,6.854	2.741,3.428,3.077	4.389,1.462,5.715
Test 98, and max iterator is 30, the accuracy score is: 0.8867
The pred label are: 
0,0,0,0,0,0,0,0,0,0,0,0,0,0,0,0,0,0,0,0,0,0,0,0,0,0,0,0,0,0,0,0,0,0,0,0,0,0,0,0,0,0,0,0,0,0,0,0,0,0,2,1,2,1,1,1,1,1,1,1,1,1,1,1,1,1,1,1,1,1,1,1,1,1,1,1,1,2,1,1,1,1,1,1,1,1,1,1,1,1,1,1,1,1,1,1,1,1,1,1,2,1,2,2,2,2,1,2,2,2,2,2,2,1,1,2,2,2,2,1,2,1,2,1,2,2,1,1,2,2,2,2,2,1,2,2,2,2,1,2,2,2,1,2,2,2,1,2,2,1
The initial center are: 
4.400,5.800,6.700	3.200,2.600,2.500	1.300,4.000,5.800
The cluster center are: 
5.006,5.884,6.854	3.428,2.741,3.077	1.462,4.389,5.715
Test 99, and max iterator is 30, the accuracy score is: 0.8867
The pred label are: 
0,0,0,0,0,0,0,0,0,0,0,0,0,0,0,0,0,0,0,0,0,0,0,0,0,0,0,0,0,0,0,0,0,0,0,0,0,0,0,0,0,0,0,0,0,0,0,0,0,0,2,1,2,1,1,1,1,1,1,1,1,1,1,1,1,1,1,1,1,1,1,1,1,1,1,1,1,2,1,1,1,1,1,1,1,1,1,1,1,1,1,1,1,1,1,1,1,1,1,1,2,1,2,2,2,2,1,2,2,2,2,2,2,1,1,2,2,2,2,1,2,1,2,1,2,2,1,1,2,2,2,2,2,1,2,2,2,2,1,2,2,2,1,2,2,2,1,2,2,1
The initial center are: 
7.200,5.100,5.700	3.000,3.800,2.900	5.800,1.900,4.200
The cluster center are: 
6.854,5.006,5.884	3.077,3.428,2.741	5.715,1.462,4.389
